# matrices
-4.37114e-06 0 -100 -950 0 100 0 0 100 0 -4.37114e-06 1000 0 0 0 1 
-4.37114e-06 0 -100 -850 0 100 0 0 100 0 -4.37114e-06 1000 0 0 0 1 
-4.37114e-06 0 -100 -750 0 100 0 0 100 0 -4.37114e-06 1000 0 0 0 1 
-4.37114e-06 0 -100 -650 0 100 0 0 100 0 -4.37114e-06 1000 0 0 0 1 
-4.37114e-06 0 -100 -550 0 100 0 0 100 0 -4.37114e-06 1000 0 0 0 1 
-4.37114e-06 0 -100 -450 0 100 0 0 100 0 -4.37114e-06 1000 0 0 0 1 
-4.37114e-06 0 -100 -350 0 100 0 0 100 0 -4.37114e-06 1000 0 0 0 1 
-4.37114e-06 0 -100 -250 0 100 0 0 100 0 -4.37114e-06 1000 0 0 0 1 
#-4.37114e-06 0 -100 -150 0 100 0 0 100 0 -4.37114e-06 1000 0 0 0 1 
#-4.37114e-06 0 -100 -50 0 100 0 0 100 0 -4.37114e-06 1000 0 0 0 1 
#-4.37114e-06 0 -100 50 0 100 0 0 100 0 -4.37114e-06 1000 0 0 0 1 
#-4.37114e-06 0 -100 150 0 100 0 0 100 0 -4.37114e-06 1000 0 0 0 1 
-4.37114e-06 0 -100 250 0 100 0 0 100 0 -4.37114e-06 1000 0 0 0 1 
-4.37114e-06 0 -100 350 0 100 0 0 100 0 -4.37114e-06 1000 0 0 0 1 
-4.37114e-06 0 -100 450 0 100 0 0 100 0 -4.37114e-06 1000 0 0 0 1 
-4.37114e-06 0 -100 550 0 100 0 0 100 0 -4.37114e-06 1000 0 0 0 1 
-4.37114e-06 0 -100 650 0 100 0 0 100 0 -4.37114e-06 1000 0 0 0 1 
-4.37114e-06 0 -100 750 0 100 0 0 100 0 -4.37114e-06 1000 0 0 0 1 
-4.37114e-06 0 -100 850 0 100 0 0 100 0 -4.37114e-06 1000 0 0 0 1 
-4.37114e-06 0 -100 950 0 100 0 0 100 0 -4.37114e-06 1000 0 0 0 1 
1.31134e-05 0 100 -950 0 100 0 0 -100 0 1.31134e-05 -1000 0 0 0 1 
1.31134e-05 0 100 -850 0 100 0 0 -100 0 1.31134e-05 -1000 0 0 0 1 
1.31134e-05 0 100 -750 0 100 0 0 -100 0 1.31134e-05 -1000 0 0 0 1 
1.31134e-05 0 100 -650 0 100 0 0 -100 0 1.31134e-05 -1000 0 0 0 1 
1.31134e-05 0 100 -550 0 100 0 0 -100 0 1.31134e-05 -1000 0 0 0 1 
1.31134e-05 0 100 -450 0 100 0 0 -100 0 1.31134e-05 -1000 0 0 0 1 
1.31134e-05 0 100 -350 0 100 0 0 -100 0 1.31134e-05 -1000 0 0 0 1 
1.31134e-05 0 100 -250 0 100 0 0 -100 0 1.31134e-05 -1000 0 0 0 1 
1.31134e-05 0 100 -150 0 100 0 0 -100 0 1.31134e-05 -1000 0 0 0 1 
1.31134e-05 0 100 -50 0 100 0 0 -100 0 1.31134e-05 -1000 0 0 0 1 
1.31134e-05 0 100 50 0 100 0 0 -100 0 1.31134e-05 -1000 0 0 0 1 
1.31134e-05 0 100 150 0 100 0 0 -100 0 1.31134e-05 -1000 0 0 0 1 
1.31134e-05 0 100 250 0 100 0 0 -100 0 1.31134e-05 -1000 0 0 0 1 
1.31134e-05 0 100 350 0 100 0 0 -100 0 1.31134e-05 -1000 0 0 0 1 
1.31134e-05 0 100 450 0 100 0 0 -100 0 1.31134e-05 -1000 0 0 0 1 
1.31134e-05 0 100 550 0 100 0 0 -100 0 1.31134e-05 -1000 0 0 0 1 
1.31134e-05 0 100 650 0 100 0 0 -100 0 1.31134e-05 -1000 0 0 0 1 
1.31134e-05 0 100 750 0 100 0 0 -100 0 1.31134e-05 -1000 0 0 0 1 
1.31134e-05 0 100 850 0 100 0 0 -100 0 1.31134e-05 -1000 0 0 0 1 
1.31134e-05 0 100 950 0 100 0 0 -100 0 1.31134e-05 -1000 0 0 0 1 
-100 0 8.74228e-06 1000 0 100 0 0 -8.74228e-06 0 -100 -950 0 0 0 1 
-100 0 8.74228e-06 1000 0 100 0 0 -8.74228e-06 0 -100 -850 0 0 0 1 
-100 0 8.74228e-06 1000 0 100 0 0 -8.74228e-06 0 -100 -750 0 0 0 1 
-100 0 8.74228e-06 1000 0 100 0 0 -8.74228e-06 0 -100 -650 0 0 0 1 
-100 0 8.74228e-06 1000 0 100 0 0 -8.74228e-06 0 -100 -550 0 0 0 1 
-100 0 8.74228e-06 1000 0 100 0 0 -8.74228e-06 0 -100 -450 0 0 0 1 
-100 0 8.74228e-06 1000 0 100 0 0 -8.74228e-06 0 -100 -350 0 0 0 1 
-100 0 8.74228e-06 1000 0 100 0 0 -8.74228e-06 0 -100 -250 0 0 0 1 
-100 0 8.74228e-06 1000 0 100 0 0 -8.74228e-06 0 -100 -150 0 0 0 1 
-100 0 8.74228e-06 1000 0 100 0 0 -8.74228e-06 0 -100 -50 0 0 0 1 
-100 0 8.74228e-06 1000 0 100 0 0 -8.74228e-06 0 -100 50 0 0 0 1 
-100 0 8.74228e-06 1000 0 100 0 0 -8.74228e-06 0 -100 150 0 0 0 1 
-100 0 8.74228e-06 1000 0 100 0 0 -8.74228e-06 0 -100 250 0 0 0 1 
-100 0 8.74228e-06 1000 0 100 0 0 -8.74228e-06 0 -100 350 0 0 0 1 
-100 0 8.74228e-06 1000 0 100 0 0 -8.74228e-06 0 -100 450 0 0 0 1 
-100 0 8.74228e-06 1000 0 100 0 0 -8.74228e-06 0 -100 550 0 0 0 1 
-100 0 8.74228e-06 1000 0 100 0 0 -8.74228e-06 0 -100 650 0 0 0 1 
-100 0 8.74228e-06 1000 0 100 0 0 -8.74228e-06 0 -100 750 0 0 0 1 
-100 0 8.74228e-06 1000 0 100 0 0 -8.74228e-06 0 -100 850 0 0 0 1 
-100 0 8.74228e-06 1000 0 100 0 0 -8.74228e-06 0 -100 950 0 0 0 1 
100 0 0 -1000 0 100 0 0 0 0 100 -950 0 0 0 1 
100 0 0 -1000 0 100 0 0 0 0 100 -850 0 0 0 1 
100 0 0 -1000 0 100 0 0 0 0 100 -750 0 0 0 1 
100 0 0 -1000 0 100 0 0 0 0 100 -650 0 0 0 1 
100 0 0 -1000 0 100 0 0 0 0 100 -550 0 0 0 1 
100 0 0 -1000 0 100 0 0 0 0 100 -450 0 0 0 1 
100 0 0 -1000 0 100 0 0 0 0 100 -350 0 0 0 1 
100 0 0 -1000 0 100 0 0 0 0 100 -250 0 0 0 1 
100 0 0 -1000 0 100 0 0 0 0 100 -150 0 0 0 1 
100 0 0 -1000 0 100 0 0 0 0 100 -50 0 0 0 1 
100 0 0 -1000 0 100 0 0 0 0 100 50 0 0 0 1 
100 0 0 -1000 0 100 0 0 0 0 100 150 0 0 0 1 
100 0 0 -1000 0 100 0 0 0 0 100 250 0 0 0 1 
100 0 0 -1000 0 100 0 0 0 0 100 350 0 0 0 1 
100 0 0 -1000 0 100 0 0 0 0 100 450 0 0 0 1 
100 0 0 -1000 0 100 0 0 0 0 100 550 0 0 0 1 
100 0 0 -1000 0 100 0 0 0 0 100 650 0 0 0 1 
100 0 0 -1000 0 100 0 0 0 0 100 750 0 0 0 1 
100 0 0 -1000 0 100 0 0 0 0 100 850 0 0 0 1 
100 0 0 -1000 0 100 0 0 0 0 100 950 0 0 0 1 
