# matrices
0.595182 0 0.0112882 789.228 0 0.595289 0 0 -0.0112882 0 0.595182 -73.3588 0 0 0 1 
0.446501 0 0.276749 -702.869 0 0.525312 0 0 -0.276749 0 0.446501 337.038 0 0 0 1 
-0.298404 0 0.47729 1998.81 0 0.562895 0 0 -0.47729 0 -0.298404 -1499.86 0 0 0 1 
0.0709604 0 -0.546648 595.932 0 0.551234 0 0 0.546648 0 0.0709604 328.584 0 0 0 1 
0.239896 0 -0.541357 1850.74 0 0.592129 0 0 0.541357 0 0.239896 -804.642 0 0 0 1 
-0.491885 0 0.335386 923.064 0 0.595344 0 0 -0.335386 0 -0.491885 -500.37 0 0 0 1 
0.0873689 0 0.535428 -839.142 0 0.542509 0 0 -0.535428 0 0.0873689 -460.258 0 0 0 1 
0.127113 0 -0.517717 -1361.09 0 0.533093 0 0 0.517717 0 0.127113 660.44 0 0 0 1 
-0.499138 0 -0.13614 1213.78 0 0.517371 0 0 0.13614 0 -0.499138 -796.755 0 0 0 1 
-0.307129 0 -0.414894 822.312 0 0.516203 0 0 0.414894 0 -0.307129 -667.48 0 0 0 1 
-0.506163 0 0.296941 1903.93 0 0.586834 0 0 -0.296941 0 -0.506163 -1046.14 0 0 0 1 
-0.547496 0 0.21874 -654.872 0 0.589575 0 0 -0.21874 0 -0.547496 -36.2889 0 0 0 1 
0.285634 0 -0.475876 -37.1416 0 0.555018 0 0 0.475876 0 0.285634 -1977.43 0 0 0 1 
0.57504 0 0.0976109 -1288.53 0 0.583265 0 0 -0.0976109 0 0.57504 -1661.18 0 0 0 1 
0.497683 0 -0.15273 -450.951 0 0.520591 0 0 0.15273 0 0.497683 -1896.88 0 0 0 1 
0.427712 0 -0.290644 1207.34 0 0.517119 0 0 0.290644 0 0.427712 -270.862 0 0 0 1 
0.184063 0 -0.563396 -1078.97 0 0.592701 0 0 0.563396 0 0.184063 585.104 0 0 0 1 
0.5246 0 0.255417 -52.2988 0 0.583475 0 0 -0.255417 0 0.5246 -544.281 0 0 0 1 
-0.524157 0 -0.0156727 745.948 0 0.524391 0 0 0.0156727 0 -0.524157 -1551.75 0 0 0 1 
0.552825 0 -0.12287 308.337 0 0.566315 0 0 0.12287 0 0.552825 1363.03 0 0 0 1 
-0.0188783 0 0.596038 617.817 0 0.596336 0 0 -0.596038 0 -0.0188783 -569.137 0 0 0 1 
-0.502375 0 0.0192253 1744.9 0 0.502743 0 0 -0.0192253 0 -0.502375 -1470.31 0 0 0 1 
0.508888 0 0.243176 651.866 0 0.564005 0 0 -0.243176 0 0.508888 -220.363 0 0 0 1 
-0.202977 0 0.506369 964.781 0 0.545536 0 0 -0.506369 0 -0.202977 -1846.7 0 0 0 1 
-0.107849 0 0.585805 -529.784 0 0.59565 0 0 -0.585805 0 -0.107849 287.343 0 0 0 1 
0.157115 0 0.577652 1918.11 0 0.598638 0 0 -0.577652 0 0.157115 -672.274 0 0 0 1 
0.392902 0 0.412649 -555.953 0 0.569782 0 0 -0.412649 0 0.392902 1060.04 0 0 0 1 
-0.383899 0 -0.411274 -442.355 0 0.562605 0 0 0.411274 0 -0.383899 219.839 0 0 0 1 
0.296727 0 0.467214 -1828.19 0 0.553477 0 0 -0.467214 0 0.296727 272.536 0 0 0 1 
-0.247675 0 -0.516951 971.506 0 0.57322 0 0 0.516951 0 -0.247675 -777.445 0 0 0 1 
-0.353912 0 0.36581 1333.06 0 0.50899 0 0 -0.36581 0 -0.353912 -43.5526 0 0 0 1 
0.49793 0 -0.127346 -127.366 0 0.513956 0 0 0.127346 0 0.49793 -171.176 0 0 0 1 
-0.56735 0 -0.0365427 -926.787 0 0.568525 0 0 0.0365427 0 -0.56735 -220.068 0 0 0 1 
0.0470632 0 0.526602 1449.8 0 0.528701 0 0 -0.526602 0 0.0470632 1573.24 0 0 0 1 
0.506959 0 0.206617 1476.57 0 0.547446 0 0 -0.206617 0 0.506959 -801.296 0 0 0 1 
0.273083 0 0.462622 76.8142 0 0.537209 0 0 -0.462622 0 0.273083 589.22 0 0 0 1 
0.217886 0 0.554798 -1131.43 0 0.59605 0 0 -0.554798 0 0.217886 -465.088 0 0 0 1 
0.251717 0 0.510734 -1116.59 0 0.569395 0 0 -0.510734 0 0.251717 171.896 0 0 0 1 
-0.160327 0 -0.573568 -911.453 0 0.595555 0 0 0.573568 0 -0.160327 1891.9 0 0 0 1 
0.0541178 0 -0.583929 1126.36 0 0.586431 0 0 0.583929 0 0.0541178 1241.18 0 0 0 1 
0.486849 0 -0.232823 601.662 0 0.539656 0 0 0.232823 0 0.486849 -635.225 0 0 0 1 
-0.134212 0 -0.493525 1062.02 0 0.511448 0 0 0.493525 0 -0.134212 1733.71 0 0 0 1 
-0.361763 0 0.457774 -1678.09 0 0.583463 0 0 -0.457774 0 -0.361763 -295.661 0 0 0 1 
-0.573391 0 0.0666119 -1367.58 0 0.577248 0 0 -0.0666119 0 -0.573391 1529.42 0 0 0 1 
0.547791 0 -0.220559 -827.656 0 0.590526 0 0 0.220559 0 0.547791 540.597 0 0 0 1 
0.358487 0 0.378144 776.473 0 0.521062 0 0 -0.378144 0 0.358487 -1352.19 0 0 0 1 
0.449557 0 0.243693 1588.61 0 0.511359 0 0 -0.243693 0 0.449557 1680.77 0 0 0 1 
0.496755 0 0.220071 1734.88 0 0.54332 0 0 -0.220071 0 0.496755 39.582 0 0 0 1 
0.510431 0 0.288413 419.67 0 0.586278 0 0 -0.288413 0 0.510431 -1101.89 0 0 0 1 
-0.576999 0 0.0864619 -1285.82 0 0.583441 0 0 -0.0864619 0 -0.576999 1779.26 0 0 0 1 
-0.530173 0 0.130476 328.021 0 0.545992 0 0 -0.130476 0 -0.530173 364.05 0 0 0 1 
0.44011 0 0.365905 421.002 0 0.572349 0 0 -0.365905 0 0.44011 -1557.1 0 0 0 1 
-0.547683 0 0.235253 -1495.02 0 0.596071 0 0 -0.235253 0 -0.547683 1810.63 0 0 0 1 
-0.0604668 0 -0.583652 1681.59 0 0.586776 0 0 0.583652 0 -0.0604668 -1401.23 0 0 0 1 
0.467663 0 0.203398 -385.855 0 0.50998 0 0 -0.203398 0 0.467663 -804.112 0 0 0 1 
-0.0688106 0 -0.589373 738.908 0 0.593377 0 0 0.589373 0 -0.0688106 -1362.4 0 0 0 1 
-0.488314 0 -0.276961 -275.186 0 0.561389 0 0 0.276961 0 -0.488314 -600.792 0 0 0 1 
-0.541027 0 0.253859 1959.22 0 0.597624 0 0 -0.253859 0 -0.541027 1940.57 0 0 0 1 
-0.5239 0 -0.0546946 -515.538 0 0.526747 0 0 0.0546946 0 -0.5239 1245.9 0 0 0 1 
0.480516 0 0.308753 1031.81 0 0.57116 0 0 -0.308753 0 0.480516 -737.833 0 0 0 1 
-0.290968 0 -0.437429 1542.81 0 0.525363 0 0 0.437429 0 -0.290968 1746.35 0 0 0 1 
0.138502 0 0.521217 -1099.92 0 0.539305 0 0 -0.521217 0 0.138502 986.939 0 0 0 1 
0.54446 0 -0.0288766 445.799 0 0.545225 0 0 0.0288766 0 0.54446 1006.87 0 0 0 1 
0.382458 0 -0.417948 -1854.14 0 0.566529 0 0 0.417948 0 0.382458 -1255.76 0 0 0 1 
0.392105 0 0.325225 158.371 0 0.509429 0 0 -0.325225 0 0.392105 1676.05 0 0 0 1 
0.540137 0 0.0295229 -248.194 0 0.540943 0 0 -0.0295229 0 0.540137 -1251.55 0 0 0 1 
0.145038 0 0.545458 861.328 0 0.564412 0 0 -0.545458 0 0.145038 1130.95 0 0 0 1 
-0.489373 0 -0.143651 -264.572 0 0.510021 0 0 0.143651 0 -0.489373 139.419 0 0 0 1 
0.519433 0 -0.105304 623.778 0 0.53 0 0 0.105304 0 0.519433 617.405 0 0 0 1 
0.22271 0 0.512265 -435.664 0 0.558583 0 0 -0.512265 0 0.22271 1663.16 0 0 0 1 
-0.250887 0 0.478646 347.03 0 0.540413 0 0 -0.478646 0 -0.250887 86.325 0 0 0 1 
-0.104449 0 -0.518346 -1985.21 0 0.528765 0 0 0.518346 0 -0.104449 608.668 0 0 0 1 
0.438536 0 -0.278626 -1751.42 0 0.519564 0 0 0.278626 0 0.438536 -984.035 0 0 0 1 
0.543882 0 0.241964 797.21 0 0.595276 0 0 -0.241964 0 0.543882 -1114.79 0 0 0 1 
-0.454782 0 -0.252969 -978.698 0 0.520404 0 0 0.252969 0 -0.454782 1090 0 0 0 1 
-0.538513 0 0.208992 -1957.94 0 0.577645 0 0 -0.208992 0 -0.538513 -934.779 0 0 0 1 
-0.355083 0 0.363442 1000.08 0 0.508108 0 0 -0.363442 0 -0.355083 -1907.8 0 0 0 1 
-0.497938 0 0.258954 1332.19 0 0.561248 0 0 -0.258954 0 -0.497938 1033.8 0 0 0 1 
0.0119163 0 -0.574575 932.318 0 0.574699 0 0 0.574575 0 0.0119163 1349.6 0 0 0 1 
-0.521949 0 -0.13706 -1722 0 0.539644 0 0 0.13706 0 -0.521949 -786.198 0 0 0 1 
0.58795 0 0.11467 1869.59 0 0.599028 0 0 -0.11467 0 0.58795 -1526.58 0 0 0 1 
0.129479 0 0.499332 -1222.23 0 0.515846 0 0 -0.499332 0 0.129479 1078.88 0 0 0 1 
0.241341 0 0.536032 -1875.73 0 0.587857 0 0 -0.536032 0 0.241341 1216.11 0 0 0 1 
0.358044 0 -0.402885 -224.145 0 0.538991 0 0 0.402885 0 0.358044 -1061.37 0 0 0 1 
-0.127624 0 0.564773 -1887.51 0 0.579013 0 0 -0.564773 0 -0.127624 1897.89 0 0 0 1 
-0.519326 0 -0.170982 -352.566 0 0.546749 0 0 0.170982 0 -0.519326 -1911.5 0 0 0 1 
-0.389166 0 -0.355988 891.902 0 0.527426 0 0 0.355988 0 -0.389166 33.7469 0 0 0 1 
-0.543592 0 0.0530005 -856.276 0 0.54617 0 0 -0.0530005 0 -0.543592 1685.07 0 0 0 1 
0.484085 0 -0.340007 288.559 0 0.59156 0 0 0.340007 0 0.484085 -1884.86 0 0 0 1 
0.452441 0 0.259405 1037.54 0 0.52153 0 0 -0.259405 0 0.452441 1676.78 0 0 0 1 
0.129004 0 -0.487228 -604.944 0 0.504018 0 0 0.487228 0 0.129004 1546.52 0 0 0 1 
-0.346937 0 -0.438532 -48.5134 0 0.559174 0 0 0.438532 0 -0.346937 483.349 0 0 0 1 
0.0408068 0 0.596583 -1915.14 0 0.597977 0 0 -0.596583 0 0.0408068 787.177 0 0 0 1 
0.498903 0 -0.314114 362.157 0 0.589552 0 0 0.314114 0 0.498903 1239.92 0 0 0 1 
-0.12155 0 0.552531 -165.269 0 0.565743 0 0 -0.552531 0 -0.12155 308.151 0 0 0 1 
-0.522662 0 -0.138009 -443.647 0 0.540575 0 0 0.138009 0 -0.522662 -1437.95 0 0 0 1 
-0.437804 0 -0.334191 1414.07 0 0.550778 0 0 0.334191 0 -0.437804 -767.198 0 0 0 1 
-0.215105 0 0.485981 -1783.28 0 0.531458 0 0 -0.485981 0 -0.215105 -796.786 0 0 0 1 
-0.562627 0 -0.203114 367.988 0 0.598168 0 0 0.203114 0 -0.562627 -1103.79 0 0 0 1 
0.146196 0 -0.526216 923.675 0 0.546147 0 0 0.526216 0 0.146196 -1566.02 0 0 0 1 
0.0629553 0 0.578888 651.052 0 0.582301 0 0 -0.578888 0 0.0629553 -878.08 0 0 0 1 
-0.300418 0 -0.457866 -582.888 0 0.547624 0 0 0.457866 0 -0.300418 1883.93 0 0 0 1 
-0.303391 0 0.434636 -1202.04 0 0.530052 0 0 -0.434636 0 -0.303391 -135.514 0 0 0 1 
-0.448023 0 0.317117 584.135 0 0.548897 0 0 -0.317117 0 -0.448023 -1082.33 0 0 0 1 
0.195692 0 -0.564868 404.131 0 0.597805 0 0 0.564868 0 0.195692 -957.785 0 0 0 1 
0.487729 0 -0.196039 -869.449 0 0.525653 0 0 0.196039 0 0.487729 -782.682 0 0 0 1 
-0.521702 0 0.12423 0.817017 0 0.53629 0 0 -0.12423 0 -0.521702 -1915.31 0 0 0 1 
0.0611991 0 0.498194 -197.839 0 0.501939 0 0 -0.498194 0 0.0611991 1928.34 0 0 0 1 
-0.173639 0 -0.470954 434.98 0 0.501945 0 0 0.470954 0 -0.173639 -1035.08 0 0 0 1 
-0.307063 0 -0.508096 501.893 0 0.593674 0 0 0.508096 0 -0.307063 814.364 0 0 0 1 
0.407578 0 0.427413 857.677 0 0.590594 0 0 -0.427413 0 0.407578 -1445.15 0 0 0 1 
0.491111 0 0.218572 211.215 0 0.537554 0 0 -0.218572 0 0.491111 -1405.03 0 0 0 1 
0.42685 0 -0.399475 1361.79 0 0.584621 0 0 0.399475 0 0.42685 1177.69 0 0 0 1 
0.0792522 0 0.493797 -648.309 0 0.500117 0 0 -0.493797 0 0.0792522 629.562 0 0 0 1 
-0.456477 0 0.355217 -1658.41 0 0.578403 0 0 -0.355217 0 -0.456477 545.81 0 0 0 1 
0.578079 0 -0.150634 -447.181 0 0.597383 0 0 0.150634 0 0.578079 1869.74 0 0 0 1 
-0.245516 0 0.452145 -1262.9 0 0.514503 0 0 -0.452145 0 -0.245516 1858.24 0 0 0 1 
-0.484002 0 0.149263 -1463.57 0 0.506495 0 0 -0.149263 0 -0.484002 1619.5 0 0 0 1 
-0.130609 0 0.531266 -1237.95 0 0.547085 0 0 -0.531266 0 -0.130609 702.089 0 0 0 1 
-0.106612 0 0.49268 -1747.17 0 0.504084 0 0 -0.49268 0 -0.106612 1195.61 0 0 0 1 
-0.146612 0 -0.550635 -1027.11 0 0.56982 0 0 0.550635 0 -0.146612 660.456 0 0 0 1 
0.414018 0 0.394791 446.057 0 0.572076 0 0 -0.394791 0 0.414018 -785.533 0 0 0 1 
0.331866 0 -0.440496 -1580.93 0 0.551518 0 0 0.440496 0 0.331866 -189.583 0 0 0 1 
-0.390998 0 0.387624 -605.67 0 0.550574 0 0 -0.387624 0 -0.390998 267.786 0 0 0 1 
-0.43561 0 0.249752 1958.55 0 0.502128 0 0 -0.249752 0 -0.43561 288.136 0 0 0 1 
0.292696 0 0.420281 833.458 0 0.51216 0 0 -0.420281 0 0.292696 -1184.14 0 0 0 1 
0.343552 0 -0.424621 -1813.33 0 0.546197 0 0 0.424621 0 0.343552 -791.415 0 0 0 1 
-0.566763 0 0.0517054 1626.6 0 0.569116 0 0 -0.0517054 0 -0.566763 -729.483 0 0 0 1 
0.285902 0 0.446819 -84.2257 0 0.530459 0 0 -0.446819 0 0.285902 -1409.56 0 0 0 1 
-0.553466 0 0.106268 1244.61 0 0.563576 0 0 -0.106268 0 -0.553466 -1837.55 0 0 0 1 
-0.498538 0 -0.177151 -1265.28 0 0.529077 0 0 0.177151 0 -0.498538 -668.148 0 0 0 1 
-0.217715 0 -0.528765 -1746.85 0 0.571832 0 0 0.528765 0 -0.217715 -1341.86 0 0 0 1 
0.516513 0 0.0369931 894.211 0 0.517836 0 0 -0.0369931 0 0.516513 -543.648 0 0 0 1 
0.319606 0 0.468462 -651.896 0 0.567102 0 0 -0.468462 0 0.319606 -49.7894 0 0 0 1 
-0.126734 0 0.501305 331.275 0 0.517077 0 0 -0.501305 0 -0.126734 -1514.16 0 0 0 1 
-0.534328 0 -0.211024 -348.087 0 0.574489 0 0 0.211024 0 -0.534328 -621.579 0 0 0 1 
0.107699 0 -0.528776 -1489.75 0 0.539632 0 0 0.528776 0 0.107699 -1454.18 0 0 0 1 
0.582124 0 0.114528 -1205.13 0 0.593283 0 0 -0.114528 0 0.582124 -37.9841 0 0 0 1 
0.479689 0 0.339283 -1027.91 0 0.587549 0 0 -0.339283 0 0.479689 637.578 0 0 0 1 
0.55469 0 0.0283665 -640.992 0 0.555415 0 0 -0.0283665 0 0.55469 -118.957 0 0 0 1 
-0.500963 0 -0.0818369 1252.73 0 0.507603 0 0 0.0818369 0 -0.500963 -622.394 0 0 0 1 
-0.443803 0 0.309599 60.0613 0 0.541122 0 0 -0.309599 0 -0.443803 -1297.54 0 0 0 1 
0.235831 0 -0.452226 -473.896 0 0.510024 0 0 0.452226 0 0.235831 1770.45 0 0 0 1 
0.554208 0 0.0649764 -230.42 0 0.558004 0 0 -0.0649764 0 0.554208 -1606.65 0 0 0 1 
0.282395 0 -0.523203 -978.232 0 0.594549 0 0 0.523203 0 0.282395 1978.78 0 0 0 1 
0.504784 0 0.0543486 1661.73 0 0.507701 0 0 -0.0543486 0 0.504784 149.761 0 0 0 1 
0.076709 0 -0.554763 1881.52 0 0.560041 0 0 0.554763 0 0.076709 -1647.49 0 0 0 1 
0.286642 0 0.43522 546.472 0 0.521133 0 0 -0.43522 0 0.286642 -370.927 0 0 0 1 
-0.570217 0 0.0476252 1878.18 0 0.572203 0 0 -0.0476252 0 -0.570217 1192.7 0 0 0 1 
-0.331583 0 -0.387719 -1818.78 0 0.51017 0 0 0.387719 0 -0.331583 -551.424 0 0 0 1 
-0.202159 0 -0.539592 1340.9 0 0.576218 0 0 0.539592 0 -0.202159 -1919.96 0 0 0 1 
-0.208517 0 0.46487 -435.615 0 0.509494 0 0 -0.46487 0 -0.208517 1553.53 0 0 0 1 
0.495498 0 -0.191913 -1023.08 0 0.531365 0 0 0.191913 0 0.495498 -1552.39 0 0 0 1 
-0.214047 0 -0.462446 -1503.18 0 0.50958 0 0 0.462446 0 -0.214047 1924 0 0 0 1 
0.507944 0 0.0881723 -590.193 0 0.51554 0 0 -0.0881723 0 0.507944 -1506.4 0 0 0 1 
0.42819 0 0.348855 5.08447 0 0.552311 0 0 -0.348855 0 0.42819 1025.91 0 0 0 1 
0.591581 0 -0.096101 -1536.93 0 0.599336 0 0 0.096101 0 0.591581 120.509 0 0 0 1 
-0.531395 0 0.189548 -1061.01 0 0.564189 0 0 -0.189548 0 -0.531395 -1056.09 0 0 0 1 
-0.559309 0 0.208983 117.957 0 0.597077 0 0 -0.208983 0 -0.559309 -1429.94 0 0 0 1 
0.56238 0 -0.106852 -394.791 0 0.572441 0 0 0.106852 0 0.56238 1143.81 0 0 0 1 
-0.0449542 0 -0.552817 803.199 0 0.554642 0 0 0.552817 0 -0.0449542 1457.86 0 0 0 1 
-0.484243 0 0.210692 -733.691 0 0.528093 0 0 -0.210692 0 -0.484243 -1720.81 0 0 0 1 
-0.417894 0 0.311673 636.273 0 0.521321 0 0 -0.311673 0 -0.417894 -747.397 0 0 0 1 
-0.361599 0 -0.376604 1441.59 0 0.522096 0 0 0.376604 0 -0.361599 1942.99 0 0 0 1 
-0.545785 0 -0.187534 -734.788 0 0.577105 0 0 0.187534 0 -0.545785 -380.334 0 0 0 1 
-0.448619 0 0.353127 -1547.43 0 0.570927 0 0 -0.353127 0 -0.448619 -1483.94 0 0 0 1 
0.0936107 0 0.512342 1513.03 0 0.520824 0 0 -0.512342 0 0.0936107 951.887 0 0 0 1 
0.45134 0 0.345351 749.569 0 0.568309 0 0 -0.345351 0 0.45134 1916.65 0 0 0 1 
-0.465478 0 0.198595 -1851.87 0 0.506073 0 0 -0.198595 0 -0.465478 -1542.38 0 0 0 1 
-0.501386 0 -0.289191 -60.9207 0 0.578808 0 0 0.289191 0 -0.501386 -329.606 0 0 0 1 
-0.529847 0 -0.129058 -1882.04 0 0.545339 0 0 0.129058 0 -0.529847 -1678 0 0 0 1 
0.530463 0 0.270254 -1468.4 0 0.595338 0 0 -0.270254 0 0.530463 -1358.21 0 0 0 1 
-0.279508 0 -0.416713 -982.349 0 0.501772 0 0 0.416713 0 -0.279508 458.313 0 0 0 1 
-0.0706144 0 -0.5363 -1742.37 0 0.540929 0 0 0.5363 0 -0.0706144 -1604.2 0 0 0 1 
-0.467803 0 0.292999 687.835 0 0.551986 0 0 -0.292999 0 -0.467803 815.867 0 0 0 1 
-0.560556 0 -0.104657 -454.372 0 0.570242 0 0 0.104657 0 -0.560556 -1380.39 0 0 0 1 
0.377724 0 0.377742 -1764.42 0 0.534195 0 0 -0.377742 0 0.377724 -368.179 0 0 0 1 
0.152639 0 0.558013 -1649.26 0 0.578513 0 0 -0.558013 0 0.152639 -497.09 0 0 0 1 
0.436318 0 -0.331647 1750.74 0 0.548054 0 0 0.331647 0 0.436318 790.014 0 0 0 1 
0.497387 0 0.111396 1435.99 0 0.509708 0 0 -0.111396 0 0.497387 194.578 0 0 0 1 
-0.590933 0 -0.0948349 1817.4 0 0.598494 0 0 0.0948349 0 -0.590933 -589.409 0 0 0 1 
-0.514296 0 0.284912 -47.8663 0 0.587941 0 0 -0.284912 0 -0.514296 -854.412 0 0 0 1 
-0.0379554 0 0.558826 554.665 0 0.560113 0 0 -0.558826 0 -0.0379554 520.389 0 0 0 1 
-0.500751 0 0.0110957 120.19 0 0.500874 0 0 -0.0110957 0 -0.500751 -107.154 0 0 0 1 
-0.477026 0 -0.247623 -732.109 0 0.537468 0 0 0.247623 0 -0.477026 -799.137 0 0 0 1 
0.499894 0 -0.101244 -1235.22 0 0.510043 0 0 0.101244 0 0.499894 -1511.95 0 0 0 1 
-0.145282 0 -0.580065 -306.417 0 0.597982 0 0 0.580065 0 -0.145282 1636.04 0 0 0 1 
0.472725 0 -0.223105 300.776 0 0.522728 0 0 0.223105 0 0.472725 1327.17 0 0 0 1 
-0.4617 0 -0.232614 1334.97 0 0.516988 0 0 0.232614 0 -0.4617 1349.87 0 0 0 1 
0.545313 0 -0.104582 670.235 0 0.555251 0 0 0.104582 0 0.545313 1312.52 0 0 0 1 
0.258356 0 0.428588 -1044.26 0 0.500436 0 0 -0.428588 0 0.258356 260.021 0 0 0 1 
-0.00243483 0 0.591404 -1756.77 0 0.591409 0 0 -0.591404 0 -0.00243483 1727.62 0 0 0 1 
-0.483479 0 -0.35203 1368.75 0 0.598061 0 0 0.35203 0 -0.483479 1274.99 0 0 0 1 
-0.365248 0 -0.423647 1661.6 0 0.559359 0 0 0.423647 0 -0.365248 657.34 0 0 0 1 
-0.539325 0 0.212488 1253.28 0 0.579675 0 0 -0.212488 0 -0.539325 -386.89 0 0 0 1 
0.0915058 0 -0.57257 515.537 0 0.579836 0 0 0.57257 0 0.0915058 -1387.86 0 0 0 1 
0.196917 0 -0.485008 1239.43 0 0.523459 0 0 0.485008 0 0.196917 -1097.45 0 0 0 1 
0.507165 0 0.305192 -1535.54 0 0.591911 0 0 -0.305192 0 0.507165 215.909 0 0 0 1 
-0.273184 0 0.514126 700.362 0 0.582199 0 0 -0.514126 0 -0.273184 -1150.29 0 0 0 1 
-0.505972 0 -0.214093 -973.412 0 0.549403 0 0 0.214093 0 -0.505972 -1545.54 0 0 0 1 
-0.231945 0 -0.501172 -1010.11 0 0.552242 0 0 0.501172 0 -0.231945 -844.617 0 0 0 1 
-0.0870159 0 -0.515862 -585.911 0 0.52315 0 0 0.515862 0 -0.0870159 -911.655 0 0 0 1 
0.41729 0 0.4283 492.964 0 0.597973 0 0 -0.4283 0 0.41729 -955.005 0 0 0 1 
-0.47003 0 -0.311948 -1036.23 0 0.564128 0 0 0.311948 0 -0.47003 -305.379 0 0 0 1 
-0.0236445 0 -0.58791 -190.829 0 0.588385 0 0 0.58791 0 -0.0236445 -177.217 0 0 0 1 
0.32255 0 -0.412108 -149.62 0 0.523327 0 0 0.412108 0 0.32255 1285.59 0 0 0 1 
-0.578899 0 0.129431 1596.94 0 0.593191 0 0 -0.129431 0 -0.578899 2.6178 0 0 0 1 
-0.203287 0 -0.527391 -863.099 0 0.565214 0 0 0.527391 0 -0.203287 -1828.49 0 0 0 1 
0.302525 0 -0.425077 717.221 0 0.521739 0 0 0.425077 0 0.302525 662.347 0 0 0 1 
0.315702 0 0.399191 1776.57 0 0.508941 0 0 -0.399191 0 0.315702 520.085 0 0 0 1 
-0.540925 0 0.149645 1668.68 0 0.561243 0 0 -0.149645 0 -0.540925 1002.3 0 0 0 1 
0.126052 0 -0.578134 726.101 0 0.591716 0 0 0.578134 0 0.126052 1510.2 0 0 0 1 
-0.050864 0 -0.505954 269.326 0 0.508505 0 0 0.505954 0 -0.050864 -1710.36 0 0 0 1 
-0.262887 0 -0.510381 -1358.51 0 0.574107 0 0 0.510381 0 -0.262887 1961.5 0 0 0 1 
-0.278412 0 -0.469147 -240.043 0 0.545538 0 0 0.469147 0 -0.278412 999.96 0 0 0 1 
0.205368 0 0.52718 1696.55 0 0.565769 0 0 -0.52718 0 0.205368 533.517 0 0 0 1 
-0.55374 0 -0.0288661 299.499 0 0.554492 0 0 0.0288661 0 -0.55374 571.922 0 0 0 1 
0.436989 0 0.320884 182.438 0 0.542149 0 0 -0.320884 0 0.436989 187.025 0 0 0 1 
-0.320344 0 -0.428072 1458.61 0 0.534664 0 0 0.428072 0 -0.320344 27.278 0 0 0 1 
0.47595 0 0.244177 -868.47 0 0.534931 0 0 -0.244177 0 0.47595 217.192 0 0 0 1 
0.48418 0 -0.218072 1113.49 0 0.531023 0 0 0.218072 0 0.48418 -930.29 0 0 0 1 
0.499814 0 0.163767 1908.47 0 0.52596 0 0 -0.163767 0 0.499814 425.071 0 0 0 1 
0.495146 0 -0.324733 -480.533 0 0.592133 0 0 0.324733 0 0.495146 1481.61 0 0 0 1 
0.550087 0 0.130291 7.09705 0 0.565307 0 0 -0.130291 0 0.550087 96.8911 0 0 0 1 
-0.245466 0 0.527701 -589.759 0 0.581999 0 0 -0.527701 0 -0.245466 -157.684 0 0 0 1 
0.361263 0 0.444547 478.386 0 0.572829 0 0 -0.444547 0 0.361263 1664.64 0 0 0 1 
0.509406 0 0.00158 -1542.65 0 0.509408 0 0 -0.00158 0 0.509406 -1423.52 0 0 0 1 
-0.522972 0 0.195831 -653.865 0 0.558435 0 0 -0.195831 0 -0.522972 349.636 0 0 0 1 
-0.207124 0 0.55836 -451.291 0 0.595538 0 0 -0.55836 0 -0.207124 717.439 0 0 0 1 
-0.540182 0 0.162105 58.311 0 0.563981 0 0 -0.162105 0 -0.540182 -328.66 0 0 0 1 
-0.593967 0 0.00277157 -112.911 0 0.593973 0 0 -0.00277157 0 -0.593967 1792 0 0 0 1 
-0.168538 0 0.523094 -481.865 0 0.549575 0 0 -0.523094 0 -0.168538 -1679.48 0 0 0 1 
0.46589 0 -0.311463 -105.257 0 0.560413 0 0 0.311463 0 0.46589 -1132.97 0 0 0 1 
-0.319744 0 0.454104 -1722.74 0 0.55538 0 0 -0.454104 0 -0.319744 1044.18 0 0 0 1 
-0.170136 0 -0.561714 846.711 0 0.586915 0 0 0.561714 0 -0.170136 -1286.35 0 0 0 1 
-0.454336 0 0.24993 1062.42 0 0.518543 0 0 -0.24993 0 -0.454336 1511.77 0 0 0 1 
0.496906 0 0.208632 1010.58 0 0.538928 0 0 -0.208632 0 0.496906 174.934 0 0 0 1 
-0.283968 0 -0.48872 194.15 0 0.56523 0 0 0.48872 0 -0.283968 -8.72021 0 0 0 1 
-0.504514 0 0.174508 290.615 0 0.533842 0 0 -0.174508 0 -0.504514 213.447 0 0 0 1 
-0.260042 0 0.481349 -275.341 0 0.547101 0 0 -0.481349 0 -0.260042 1422.92 0 0 0 1 
-0.498777 0 0.102604 -1947.26 0 0.509221 0 0 -0.102604 0 -0.498777 957.22 0 0 0 1 
-0.0643369 0 0.540987 -1617.49 0 0.5448 0 0 -0.540987 0 -0.0643369 1039.08 0 0 0 1 
0.386135 0 -0.35207 -1389.69 0 0.522545 0 0 0.35207 0 0.386135 1298.81 0 0 0 1 
-0.0522413 0 0.594844 783.727 0 0.597134 0 0 -0.594844 0 -0.0522413 12.4492 0 0 0 1 
-0.553996 0 -0.0748383 788.371 0 0.559028 0 0 0.0748383 0 -0.553996 -941.252 0 0 0 1 
0.485573 0 0.171155 -1001.89 0 0.514854 0 0 -0.171155 0 0.485573 -1710.04 0 0 0 1 
0.574221 0 0.124896 627.917 0 0.587647 0 0 -0.124896 0 0.574221 -626.113 0 0 0 1 
0.449568 0 0.338243 -1128.34 0 0.5626 0 0 -0.338243 0 0.449568 -1742.86 0 0 0 1 
0.468021 0 0.316416 1275.24 0 0.564945 0 0 -0.316416 0 0.468021 1448.55 0 0 0 1 
-0.144225 0 -0.555245 1977.86 0 0.573671 0 0 0.555245 0 -0.144225 1657.09 0 0 0 1 
-0.419289 0 -0.343291 -972.914 0 0.541897 0 0 0.343291 0 -0.419289 -636.723 0 0 0 1 
0.566162 0 -0.156239 -1742.51 0 0.587324 0 0 0.156239 0 0.566162 588.36 0 0 0 1 
-0.526088 0 0.247735 1032.95 0 0.581499 0 0 -0.247735 0 -0.526088 155.513 0 0 0 1 
-0.278393 0 -0.435821 -1668.76 0 0.517149 0 0 0.435821 0 -0.278393 -1312.18 0 0 0 1 
0.376941 0 -0.358556 -160.474 0 0.520237 0 0 0.358556 0 0.376941 -705.471 0 0 0 1 
-0.319662 0 0.501596 -224.363 0 0.594796 0 0 -0.501596 0 -0.319662 -180.407 0 0 0 1 
-0.50657 0 -0.0929143 -846.662 0 0.515021 0 0 0.0929143 0 -0.50657 -1786.62 0 0 0 1 
-0.43404 0 -0.407527 -716.825 0 0.595373 0 0 0.407527 0 -0.43404 -1821.83 0 0 0 1 
0.389084 0 0.323241 1456.62 0 0.505837 0 0 -0.323241 0 0.389084 -787.161 0 0 0 1 
-0.404429 0 0.430567 981.896 0 0.590721 0 0 -0.430567 0 -0.404429 461.142 0 0 0 1 
0.384345 0 0.321515 -667.306 0 0.501092 0 0 -0.321515 0 0.384345 1097.44 0 0 0 1 
0.146704 0 -0.562109 264.75 0 0.580938 0 0 0.562109 0 0.146704 1751.75 0 0 0 1 
-0.497775 0 -0.0574304 -1311.79 0 0.501077 0 0 0.0574304 0 -0.497775 -1794.09 0 0 0 1 
-0.256961 0 0.469977 -1146.23 0 0.535637 0 0 -0.469977 0 -0.256961 1827.01 0 0 0 1 
-0.444625 0 -0.286232 1700.36 0 0.528791 0 0 0.286232 0 -0.444625 -346.716 0 0 0 1 
-0.27059 0 -0.441263 444.233 0 0.517621 0 0 0.441263 0 -0.27059 -1342.15 0 0 0 1 
-0.185966 0 0.535214 1173.53 0 0.566601 0 0 -0.535214 0 -0.185966 817.932 0 0 0 1 
-0.50834 0 0.0824754 -1269.1 0 0.514987 0 0 -0.0824754 0 -0.50834 1629.01 0 0 0 1 
0.0952934 0 0.586317 1193.06 0 0.59401 0 0 -0.586317 0 0.0952934 417.16 0 0 0 1 
0.38797 0 0.402122 1861.17 0 0.558769 0 0 -0.402122 0 0.38797 1587.82 0 0 0 1 
-0.300851 0 0.463638 -288.777 0 0.552695 0 0 -0.463638 0 -0.300851 -1784.42 0 0 0 1 
-0.494917 0 -0.121743 -945.891 0 0.50967 0 0 0.121743 0 -0.494917 1802.02 0 0 0 1 
0.190985 0 -0.467835 -1446.12 0 0.505316 0 0 0.467835 0 0.190985 179.781 0 0 0 1 
-0.569003 0 0.102042 1506.95 0 0.57808 0 0 -0.102042 0 -0.569003 -119.727 0 0 0 1 
0.264656 0 0.492655 1109.15 0 0.559242 0 0 -0.492655 0 0.264656 750.632 0 0 0 1 
-0.539443 0 0.0904903 -896.179 0 0.54698 0 0 -0.0904903 0 -0.539443 17.0796 0 0 0 1 
0.323614 0 0.407827 -62.5355 0 0.520623 0 0 -0.407827 0 0.323614 -1303.95 0 0 0 1 
-0.582815 0 -0.0278467 -236.817 0 0.583479 0 0 0.0278467 0 -0.582815 -2.92346 0 0 0 1 
-0.549976 0 -0.236943 -901.351 0 0.598846 0 0 0.236943 0 -0.549976 -122.529 0 0 0 1 
0.316611 0 0.432923 -1465.89 0 0.536343 0 0 -0.432923 0 0.316611 -324.469 0 0 0 1 
0.244511 0 0.531084 612.025 0 0.584667 0 0 -0.531084 0 0.244511 -93.631 0 0 0 1 
-0.473872 0 0.35526 -1076.71 0 0.592253 0 0 -0.35526 0 -0.473872 -1313.43 0 0 0 1 
0.492471 0 -0.327551 1117.82 0 0.591453 0 0 0.327551 0 0.492471 188.247 0 0 0 1 
-0.541746 0 0.0560776 184.981 0 0.544641 0 0 -0.0560776 0 -0.541746 1322.82 0 0 0 1 
-0.476941 0 0.178533 -974.269 0 0.509261 0 0 -0.178533 0 -0.476941 431.426 0 0 0 1 
0.265625 0 0.459447 -1733.36 0 0.530705 0 0 -0.459447 0 0.265625 -1262.82 0 0 0 1 
0.403405 0 0.316792 -19.6913 0 0.512926 0 0 -0.316792 0 0.403405 1119.53 0 0 0 1 
0.204176 0 -0.531137 -1413.63 0 0.569029 0 0 0.531137 0 0.204176 1481.87 0 0 0 1 
0.0843604 0 -0.536545 523.325 0 0.543137 0 0 0.536545 0 0.0843604 -1385.77 0 0 0 1 
0.416463 0 -0.332491 73.1091 0 0.532908 0 0 0.332491 0 0.416463 -19.6235 0 0 0 1 
0.373817 0 0.413712 225.316 0 0.557581 0 0 -0.413712 0 0.373817 392.966 0 0 0 1 
0.415004 0 0.361076 -1241.27 0 0.550095 0 0 -0.361076 0 0.415004 -263.402 0 0 0 1 
-0.344887 0 0.385421 -1721.23 0 0.517201 0 0 -0.385421 0 -0.344887 814.847 0 0 0 1 
0.431983 0 0.340117 257.154 0 0.549808 0 0 -0.340117 0 0.431983 1440.46 0 0 0 1 
-0.483456 0 0.249243 445.065 0 0.543922 0 0 -0.249243 0 -0.483456 -985.403 0 0 0 1 
-0.508647 0 -0.102981 -1297.79 0 0.518967 0 0 0.102981 0 -0.508647 558.459 0 0 0 1 
0.0220766 0 -0.579665 1158.67 0 0.580085 0 0 0.579665 0 0.0220766 1654.87 0 0 0 1 
-0.336777 0 0.460971 1098.02 0 0.570888 0 0 -0.460971 0 -0.336777 1039.5 0 0 0 1 
0.31751 0 0.390414 -389.402 0 0.503225 0 0 -0.390414 0 0.31751 -131.136 0 0 0 1 
-0.201944 0 -0.548856 -397.85 0 0.584829 0 0 0.548856 0 -0.201944 8.02942 0 0 0 1 
-0.541783 0 -0.221014 1983.02 0 0.585129 0 0 0.221014 0 -0.541783 -908.882 0 0 0 1 
0.267515 0 0.45484 -158.043 0 0.527678 0 0 -0.45484 0 0.267515 498.863 0 0 0 1 
0.29721 0 -0.495951 1161.69 0 0.578188 0 0 0.495951 0 0.29721 681.825 0 0 0 1 
0.219297 0 0.46759 350.7 0 0.51646 0 0 -0.46759 0 0.219297 109.636 0 0 0 1 
-0.488709 0 -0.158846 138.761 0 0.513876 0 0 0.158846 0 -0.488709 -805.244 0 0 0 1 
0.24218 0 0.524931 -1327.93 0 0.578104 0 0 -0.524931 0 0.24218 200.993 0 0 0 1 
-0.475393 0 0.316178 1586.12 0 0.570935 0 0 -0.316178 0 -0.475393 -1125.68 0 0 0 1 
-0.387599 0 0.388392 -652.914 0 0.548708 0 0 -0.388392 0 -0.387599 -1874.39 0 0 0 1 
-0.0227592 0 -0.539712 -320.863 0 0.540192 0 0 0.539712 0 -0.0227592 1363.82 0 0 0 1 
0.357996 0 -0.403014 -1392.6 0 0.539056 0 0 0.403014 0 0.357996 -1078.79 0 0 0 1 
0.575531 0 0.00906055 -616.924 0 0.575602 0 0 -0.00906055 0 0.575531 1112.38 0 0 0 1 
-0.156797 0 0.572802 155.837 0 0.593875 0 0 -0.572802 0 -0.156797 135.603 0 0 0 1 
-0.108059 0 -0.494993 226.989 0 0.506651 0 0 0.494993 0 -0.108059 -189.97 0 0 0 1 
0.0650423 0 -0.570628 467.137 0 0.574323 0 0 0.570628 0 0.0650423 1791.49 0 0 0 1 
0.519405 0 0.144639 -1154.72 0 0.539168 0 0 -0.144639 0 0.519405 797.698 0 0 0 1 
-0.290812 0 -0.418437 635.662 0 0.509569 0 0 0.418437 0 -0.290812 -1709.22 0 0 0 1 
0.362123 0 0.423293 -1066.1 0 0.557055 0 0 -0.423293 0 0.362123 1363.61 0 0 0 1 
-0.0501051 0 -0.506799 1531.1 0 0.50927 0 0 0.506799 0 -0.0501051 -783.153 0 0 0 1 
-0.503325 0 0.00087486 1070.86 0 0.503326 0 0 -0.00087486 0 -0.503325 -1229.07 0 0 0 1 
-0.109539 0 -0.569175 -647.785 0 0.57962 0 0 0.569175 0 -0.109539 -179.28 0 0 0 1 
0.46586 0 0.217247 -636.917 0 0.514025 0 0 -0.217247 0 0.46586 1523.11 0 0 0 1 
0.238304 0 -0.483911 -580.169 0 0.539406 0 0 0.483911 0 0.238304 -446.506 0 0 0 1 
0.588089 0 0.113203 553.434 0 0.598886 0 0 -0.113203 0 0.588089 -445.08 0 0 0 1 
-0.0992712 0 0.520396 -1576.08 0 0.52978 0 0 -0.520396 0 -0.0992712 -372.966 0 0 0 1 
-0.510503 0 0.0138217 -1823.69 0 0.51069 0 0 -0.0138217 0 -0.510503 1961.27 0 0 0 1 
-0.249337 0 -0.521235 -1126.97 0 0.577802 0 0 0.521235 0 -0.249337 -784.86 0 0 0 1 
-0.0757925 0 -0.591165 -599.124 0 0.596004 0 0 0.591165 0 -0.0757925 -1139.63 0 0 0 1 
-0.509856 0 0.216508 -1407.91 0 0.553921 0 0 -0.216508 0 -0.509856 81.9929 0 0 0 1 
0.501603 0 -0.281244 757.826 0 0.575069 0 0 0.281244 0 0.501603 -1964.5 0 0 0 1 
0.502252 0 -0.264476 1947.21 0 0.56763 0 0 0.264476 0 0.502252 1824.88 0 0 0 1 
0.41772 0 -0.424525 -718.078 0 0.595577 0 0 0.424525 0 0.41772 -1323.82 0 0 0 1 
-0.312357 0 -0.496672 -480.611 0 0.586729 0 0 0.496672 0 -0.312357 621.681 0 0 0 1 
0.382281 0 0.346162 1199.19 0 0.51572 0 0 -0.346162 0 0.382281 544.636 0 0 0 1 
-0.319438 0 -0.386376 -214.87 0 0.501325 0 0 0.386376 0 -0.319438 81.1934 0 0 0 1 
0.0636981 0 -0.567647 -1493.29 0 0.57121 0 0 0.567647 0 0.0636981 -1395.83 0 0 0 1 
0.343993 0 0.418377 -234.367 0 0.541637 0 0 -0.418377 0 0.343993 1907.34 0 0 0 1 
0.523729 0 0.0876572 -112.726 0 0.531014 0 0 -0.0876572 0 0.523729 1599.07 0 0 0 1 
0.472478 0 0.352788 -793.153 0 0.589657 0 0 -0.352788 0 0.472478 -1170.11 0 0 0 1 
0.495525 0 0.197103 1441.42 0 0.533287 0 0 -0.197103 0 0.495525 -1461.53 0 0 0 1 
-0.560573 0 0.0457206 38.3215 0 0.562434 0 0 -0.0457206 0 -0.560573 1965.18 0 0 0 1 
-0.395462 0 -0.372117 1062.81 0 0.543011 0 0 0.372117 0 -0.395462 -770.144 0 0 0 1 
-0.479559 0 -0.161891 -1344.21 0 0.506148 0 0 0.161891 0 -0.479559 -621.38 0 0 0 1 
0.099545 0 0.514135 -888.776 0 0.523683 0 0 -0.514135 0 0.099545 -174.324 0 0 0 1 
-0.533057 0 0.147756 163.056 0 0.553156 0 0 -0.147756 0 -0.533057 -645.104 0 0 0 1 
-0.527863 0 0.222816 -1247.52 0 0.572963 0 0 -0.222816 0 -0.527863 1704.86 0 0 0 1 
-0.307594 0 0.444951 -929.307 0 0.540921 0 0 -0.444951 0 -0.307594 457.586 0 0 0 1 
0.00124217 0 0.500001 297.525 0 0.500002 0 0 -0.500001 0 0.00124217 -200.87 0 0 0 1 
-0.456386 0 -0.224822 -1033.66 0 0.508757 0 0 0.224822 0 -0.456386 -367.158 0 0 0 1 
-0.315837 0 0.440144 847.975 0 0.541738 0 0 -0.440144 0 -0.315837 1026.18 0 0 0 1 
0.53053 0 0.245367 -223.388 0 0.584523 0 0 -0.245367 0 0.53053 143.309 0 0 0 1 
0.349438 0 -0.476758 1595.43 0 0.591105 0 0 0.476758 0 0.349438 762.964 0 0 0 1 
0.103467 0 0.55417 -645.804 0 0.563746 0 0 -0.55417 0 0.103467 967.258 0 0 0 1 
0.30087 0 0.512991 -616.198 0 0.594712 0 0 -0.512991 0 0.30087 408.27 0 0 0 1 
-0.410787 0 -0.306004 762.59 0 0.512235 0 0 0.306004 0 -0.410787 1952.97 0 0 0 1 
-0.28484 0 0.435394 1121.27 0 0.52029 0 0 -0.435394 0 -0.28484 1099.39 0 0 0 1 
-0.515176 0 -0.132349 23.1826 0 0.531904 0 0 0.132349 0 -0.515176 1493.54 0 0 0 1 
-0.202471 0 -0.537141 -1421.06 0 0.574033 0 0 0.537141 0 -0.202471 786.647 0 0 0 1 
-0.21728 0 -0.458953 -1242.63 0 0.507788 0 0 0.458953 0 -0.21728 586.116 0 0 0 1 
-0.526248 0 -0.0410231 1357.95 0 0.527844 0 0 0.0410231 0 -0.526248 641.197 0 0 0 1 
0.438749 0 0.397955 613.744 0 0.592341 0 0 -0.397955 0 0.438749 -1802.18 0 0 0 1 
0.103673 0 0.520234 1166.72 0 0.530463 0 0 -0.520234 0 0.103673 -305.35 0 0 0 1 
0.442367 0 -0.24466 48.3823 0 0.505516 0 0 0.24466 0 0.442367 1897.99 0 0 0 1 
-0.449075 0 0.382039 1397.73 0 0.589595 0 0 -0.382039 0 -0.449075 1862.91 0 0 0 1 
0.279969 0 0.523419 -719.097 0 0.593591 0 0 -0.523419 0 0.279969 1719.46 0 0 0 1 
-0.545708 0 -0.00517251 504.441 0 0.545732 0 0 0.00517251 0 -0.545708 504.74 0 0 0 1 
0.0884269 0 0.514952 -1435.03 0 0.522489 0 0 -0.514952 0 0.0884269 -1397.03 0 0 0 1 
0.322326 0 -0.438301 -1616.71 0 0.54406 0 0 0.438301 0 0.322326 -1506.8 0 0 0 1 
-0.519955 0 -0.296704 932.672 0 0.598654 0 0 0.296704 0 -0.519955 -1662.06 0 0 0 1 
0.233012 0 -0.539914 -1393.28 0 0.588049 0 0 0.539914 0 0.233012 741.687 0 0 0 1 
-0.452292 0 0.391794 -386.942 0 0.59839 0 0 -0.391794 0 -0.452292 666.99 0 0 0 1 
0.338218 0 0.389202 -1362.6 0 0.515626 0 0 -0.389202 0 0.338218 1101.21 0 0 0 1 
0.397779 0 -0.383963 434.03 0 0.552861 0 0 0.383963 0 0.397779 1893.29 0 0 0 1 
-0.542708 0 0.242096 1822.69 0 0.594257 0 0 -0.242096 0 -0.542708 -783.483 0 0 0 1 
-0.377479 0 -0.422166 1140.53 0 0.566317 0 0 0.422166 0 -0.377479 -1585.82 0 0 0 1 
-0.484079 0 0.172174 1579.97 0 0.513786 0 0 -0.172174 0 -0.484079 -1354.63 0 0 0 1 
0.258551 0 0.44157 -817.373 0 0.511696 0 0 -0.44157 0 0.258551 335.885 0 0 0 1 
-0.499675 0 0.231797 -238.69 0 0.550822 0 0 -0.231797 0 -0.499675 -604.19 0 0 0 1 
-0.0733124 0 -0.581733 400.877 0 0.586334 0 0 0.581733 0 -0.0733124 -1070.23 0 0 0 1 
0.523774 0 -0.00237979 632.248 0 0.523779 0 0 0.00237979 0 0.523774 1211.48 0 0 0 1 
0.538826 0 -0.00135485 1642.72 0 0.538827 0 0 0.00135485 0 0.538826 1180.74 0 0 0 1 
-0.429643 0 -0.410835 821.985 0 0.594456 0 0 0.410835 0 -0.429643 183.589 0 0 0 1 
0.0259026 0 0.546825 -502.079 0 0.547438 0 0 -0.546825 0 0.0259026 -1077.32 0 0 0 1 
0.00754789 0 -0.522287 1774.36 0 0.522341 0 0 0.522287 0 0.00754789 644.843 0 0 0 1 
-0.118028 0 -0.509274 1290.57 0 0.522772 0 0 0.509274 0 -0.118028 478.892 0 0 0 1 
0.482335 0 0.23192 463.054 0 0.535195 0 0 -0.23192 0 0.482335 1551.79 0 0 0 1 
-0.545598 0 -0.0395347 974.651 0 0.547028 0 0 0.0395347 0 -0.545598 1558.69 0 0 0 1 
0.3178 0 0.446957 1423.61 0 0.548423 0 0 -0.446957 0 0.3178 1036.29 0 0 0 1 
-0.0387094 0 0.511188 -193.717 0 0.512651 0 0 -0.511188 0 -0.0387094 378.711 0 0 0 1 
-0.451836 0 -0.379428 -24.2827 0 0.590018 0 0 0.379428 0 -0.451836 -18.0516 0 0 0 1 
0.0750329 0 -0.495654 -1927.11 0 0.501301 0 0 0.495654 0 0.0750329 1912.54 0 0 0 1 
0.573783 0 -0.0864217 1548.31 0 0.580254 0 0 0.0864217 0 0.573783 -1877.63 0 0 0 1 
-0.364962 0 -0.386693 539.953 0 0.531722 0 0 0.386693 0 -0.364962 -849.704 0 0 0 1 
0.334783 0 -0.442788 -1839.93 0 0.555105 0 0 0.442788 0 0.334783 -1788.02 0 0 0 1 
-0.354409 0 0.448739 1261.82 0 0.571815 0 0 -0.448739 0 -0.354409 -143.829 0 0 0 1 
-0.456557 0 0.347893 300.324 0 0.573998 0 0 -0.347893 0 -0.456557 -1160.26 0 0 0 1 
-0.0919725 0 -0.58965 -283.103 0 0.59678 0 0 0.58965 0 -0.0919725 569.012 0 0 0 1 
-0.442072 0 0.35425 -377.868 0 0.566498 0 0 -0.35425 0 -0.442072 1229.95 0 0 0 1 
-0.569433 0 -0.0823546 -1896.08 0 0.575358 0 0 0.0823546 0 -0.569433 -1416.5 0 0 0 1 
-0.554432 0 0.0335828 -304.376 0 0.555449 0 0 -0.0335828 0 -0.554432 1732.86 0 0 0 1 
0.191712 0 0.48907 -1062.44 0 0.525303 0 0 -0.48907 0 0.191712 -1503.15 0 0 0 1 
-0.55966 0 -0.0470411 1273.66 0 0.561634 0 0 0.0470411 0 -0.55966 1279.39 0 0 0 1 
0.244215 0 0.497661 -1894.64 0 0.554353 0 0 -0.497661 0 0.244215 154.203 0 0 0 1 
0.435335 0 0.4128 1456.13 0 0.599933 0 0 -0.4128 0 0.435335 -1217.62 0 0 0 1 
-0.478197 0 0.177953 576.771 0 0.510235 0 0 -0.177953 0 -0.478197 837.819 0 0 0 1 
0.516336 0 -0.0769161 1254.29 0 0.522033 0 0 0.0769161 0 0.516336 816.356 0 0 0 1 
-0.0362319 0 -0.512552 -1171.94 0 0.513831 0 0 0.512552 0 -0.0362319 1268.11 0 0 0 1 
-0.561055 0 0.115013 -738.408 0 0.572722 0 0 -0.115013 0 -0.561055 832.641 0 0 0 1 
-0.50126 0 0.305544 -376.796 0 0.587042 0 0 -0.305544 0 -0.50126 909.96 0 0 0 1 
-0.564224 0 0.0944533 1984.79 0 0.572075 0 0 -0.0944533 0 -0.564224 -484.666 0 0 0 1 
-0.463991 0 -0.360616 -1324.35 0 0.587649 0 0 0.360616 0 -0.463991 452.268 0 0 0 1 
-0.419441 0 0.393167 493.013 0 0.574901 0 0 -0.393167 0 -0.419441 229.819 0 0 0 1 
0.197708 0 -0.472268 -272.47 0 0.511982 0 0 0.472268 0 0.197708 1249.41 0 0 0 1 
-0.04217 0 0.567804 1311.13 0 0.569368 0 0 -0.567804 0 -0.04217 -1935.74 0 0 0 1 
0.488177 0 -0.147569 -1045.66 0 0.509994 0 0 0.147569 0 0.488177 796.919 0 0 0 1 
0.164125 0 0.544276 907.271 0 0.568483 0 0 -0.544276 0 0.164125 -633.323 0 0 0 1 
-0.333457 0 -0.414678 -497.563 0 0.53212 0 0 0.414678 0 -0.333457 1293.26 0 0 0 1 
-0.462432 0 -0.19941 134.059 0 0.503595 0 0 0.19941 0 -0.462432 1592.11 0 0 0 1 
0.380583 0 0.340749 -1197.86 0 0.510836 0 0 -0.340749 0 0.380583 -1209.63 0 0 0 1 
0.256347 0 0.478725 -1087.78 0 0.543039 0 0 -0.478725 0 0.256347 1578.59 0 0 0 1 
0.290798 0 0.508176 -406.933 0 0.585496 0 0 -0.508176 0 0.290798 -1542.97 0 0 0 1 
-0.390999 0 0.350021 -859.769 0 0.524781 0 0 -0.350021 0 -0.390999 -857.24 0 0 0 1 
0.286038 0 0.510033 1010.62 0 0.584766 0 0 -0.510033 0 0.286038 957.104 0 0 0 1 
-0.064395 0 -0.554649 57.9915 0 0.558375 0 0 0.554649 0 -0.064395 681.761 0 0 0 1 
0.198835 0 -0.559158 1691.64 0 0.593459 0 0 0.559158 0 0.198835 1029.98 0 0 0 1 
-0.217072 0 0.454803 -206.155 0 0.50395 0 0 -0.454803 0 -0.217072 525.717 0 0 0 1 
-0.495996 0 0.262984 -1407.21 0 0.561402 0 0 -0.262984 0 -0.495996 933.998 0 0 0 1 
0.439063 0 0.258346 1524.62 0 0.50943 0 0 -0.258346 0 0.439063 -1445.23 0 0 0 1 
-0.402593 0 -0.380684 1723.43 0 0.554077 0 0 0.380684 0 -0.402593 -1419.54 0 0 0 1 
-0.0914874 0 -0.517631 -1727.32 0 0.525653 0 0 0.517631 0 -0.0914874 1215.24 0 0 0 1 
0.0877338 0 0.590712 1010.04 0 0.597192 0 0 -0.590712 0 0.0877338 266.343 0 0 0 1 
-0.118687 0 -0.54839 -496.793 0 0.561087 0 0 0.54839 0 -0.118687 1895.37 0 0 0 1 
-0.355893 0 0.447228 -1700.07 0 0.571553 0 0 -0.447228 0 -0.355893 1994.74 0 0 0 1 
-0.017396 0 0.511459 302.071 0 0.511755 0 0 -0.511459 0 -0.017396 456.256 0 0 0 1 
0.305189 0 0.458042 -462.741 0 0.550403 0 0 -0.458042 0 0.305189 -83.6882 0 0 0 1 
-0.0659107 0 0.528983 1213.65 0 0.533073 0 0 -0.528983 0 -0.0659107 25.6741 0 0 0 1 
0.290207 0 -0.505259 1497.22 0 0.582672 0 0 0.505259 0 0.290207 832.365 0 0 0 1 
-0.45289 0 -0.273808 -1890.93 0 0.529226 0 0 0.273808 0 -0.45289 -874.03 0 0 0 1 
0.468912 0 0.312972 1218.15 0 0.563764 0 0 -0.312972 0 0.468912 1346.22 0 0 0 1 
-0.310673 0 -0.406268 1489.34 0 0.51144 0 0 0.406268 0 -0.310673 569.592 0 0 0 1 
0.311132 0 0.433747 -1165.11 0 0.533798 0 0 -0.433747 0 0.311132 -480.642 0 0 0 1 
-0.355716 0 -0.413179 -356.549 0 0.545207 0 0 0.413179 0 -0.355716 1369.55 0 0 0 1 
-0.500054 0 0.0740084 -965.04 0 0.505501 0 0 -0.0740084 0 -0.500054 1353.81 0 0 0 1 
0.293497 0 0.422387 655.869 0 0.514345 0 0 -0.422387 0 0.293497 112.03 0 0 0 1 
-0.52022 0 0.16525 -272.644 0 0.545835 0 0 -0.16525 0 -0.52022 898.262 0 0 0 1 
0.507115 0 0.076614 -282.053 0 0.51287 0 0 -0.076614 0 0.507115 1990.3 0 0 0 1 
0.349376 0 0.388269 529.099 0 0.522318 0 0 -0.388269 0 0.349376 -1147.9 0 0 0 1 
-0.567152 0 0.132171 1807.94 0 0.582349 0 0 -0.132171 0 -0.567152 -441.888 0 0 0 1 
-0.267425 0 0.440389 -1111.55 0 0.515227 0 0 -0.440389 0 -0.267425 1126.98 0 0 0 1 
-0.297432 0 -0.457389 1412.8 0 0.545591 0 0 0.457389 0 -0.297432 -608.542 0 0 0 1 
-0.193186 0 -0.512166 -1008.5 0 0.547389 0 0 0.512166 0 -0.193186 1932.19 0 0 0 1 
-0.253947 0 -0.43124 -1460.98 0 0.500456 0 0 0.43124 0 -0.253947 557.23 0 0 0 1 
0.409247 0 -0.351056 1939.31 0 0.539188 0 0 0.351056 0 0.409247 -987.831 0 0 0 1 
0.115715 0 -0.493608 293.28 0 0.50699 0 0 0.493608 0 0.115715 672.383 0 0 0 1 
0.204462 0 -0.534399 1555.86 0 0.572177 0 0 0.534399 0 0.204462 -875.077 0 0 0 1 
-0.552242 0 0.0847925 541.71 0 0.558713 0 0 -0.0847925 0 -0.552242 233.653 0 0 0 1 
0.357627 0 -0.377595 -1370.01 0 0.520072 0 0 0.377595 0 0.357627 1026.2 0 0 0 1 
0.358052 0 -0.376913 -1418.39 0 0.51987 0 0 0.376913 0 0.358052 -1309.22 0 0 0 1 
-0.218629 0 0.507346 558.762 0 0.552448 0 0 -0.507346 0 -0.218629 547.282 0 0 0 1 
0.549331 0 -0.139574 599.251 0 0.566785 0 0 0.139574 0 0.549331 904.752 0 0 0 1 
-0.103491 0 -0.575827 -1099.35 0 0.585053 0 0 0.575827 0 -0.103491 -1291.9 0 0 0 1 
0.112238 0 0.516866 1184.46 0 0.528912 0 0 -0.516866 0 0.112238 -56.1862 0 0 0 1 
0.267912 0 0.427742 504 0 0.504718 0 0 -0.427742 0 0.267912 -869.997 0 0 0 1 
-0.510757 0 -0.18451 -132.223 0 0.543063 0 0 0.18451 0 -0.510757 208.734 0 0 0 1 
0.339975 0 0.424896 -1867.13 0 0.544168 0 0 -0.424896 0 0.339975 -451.205 0 0 0 1 
0.528254 0 0.244476 100.717 0 0.582083 0 0 -0.244476 0 0.528254 -797.503 0 0 0 1 
-0.255361 0 0.535605 -186.766 0 0.593365 0 0 -0.535605 0 -0.255361 1554.56 0 0 0 1 
-0.00351988 0 -0.505162 -903.681 0 0.505175 0 0 0.505162 0 -0.00351988 -10.1766 0 0 0 1 
0.531835 0 0.175295 1874.63 0 0.55998 0 0 -0.175295 0 0.531835 -1415.53 0 0 0 1 
0.0299135 0 0.503175 124.752 0 0.504064 0 0 -0.503175 0 0.0299135 1452.65 0 0 0 1 
0.261076 0 0.518166 -1013.7 0 0.580222 0 0 -0.518166 0 0.261076 131.199 0 0 0 1 
-0.377506 0 0.404845 1046.29 0 0.553543 0 0 -0.404845 0 -0.377506 -1194.83 0 0 0 1 
-0.486286 0 -0.220544 -710.619 0 0.53396 0 0 0.220544 0 -0.486286 -1047.06 0 0 0 1 
0.104632 0 0.542232 -1628.14 0 0.552235 0 0 -0.542232 0 0.104632 -1158.1 0 0 0 1 
0.517137 0 0.216271 -129.231 0 0.560539 0 0 -0.216271 0 0.517137 -811.714 0 0 0 1 
-0.229564 0 -0.467035 327.535 0 0.520405 0 0 0.467035 0 -0.229564 -1466.98 0 0 0 1 
-0.487868 0 0.248038 -857.277 0 0.547301 0 0 -0.248038 0 -0.487868 422.498 0 0 0 1 
0.530572 0 0.0585756 1333.93 0 0.533795 0 0 -0.0585756 0 0.530572 -767.519 0 0 0 1 
0.37431 0 0.433679 -1985.62 0 0.572875 0 0 -0.433679 0 0.37431 1516.82 0 0 0 1 
-0.218722 0 0.458891 903.755 0 0.50835 0 0 -0.458891 0 -0.218722 -1606.16 0 0 0 1 
-0.301273 0 -0.458101 1011.62 0 0.54829 0 0 0.458101 0 -0.301273 1102.62 0 0 0 1 
0.274303 0 -0.474195 -882.052 0 0.547817 0 0 0.474195 0 0.274303 834.011 0 0 0 1 
0.417959 0 -0.3027 -1929.92 0 0.516059 0 0 0.3027 0 0.417959 -248.412 0 0 0 1 
0.128757 0 0.52202 1086.63 0 0.537665 0 0 -0.52202 0 0.128757 170.245 0 0 0 1 
-0.526877 0 -0.228941 -1159.13 0 0.574468 0 0 0.228941 0 -0.526877 -267.928 0 0 0 1 
-0.193231 0 0.539404 -314.188 0 0.572971 0 0 -0.539404 0 -0.193231 1036.7 0 0 0 1 
-0.346103 0 -0.42595 653.161 0 0.548836 0 0 0.42595 0 -0.346103 -411.805 0 0 0 1 
0.297358 0 -0.485983 1937.73 0 0.569738 0 0 0.485983 0 0.297358 -264.055 0 0 0 1 
-0.303638 0 -0.401346 120.449 0 0.503264 0 0 0.401346 0 -0.303638 1355.72 0 0 0 1 
0.235051 0 -0.528489 -1684.14 0 0.578402 0 0 0.528489 0 0.235051 925.455 0 0 0 1 
-0.467144 0 -0.257565 1845.59 0 0.533445 0 0 0.257565 0 -0.467144 -1353.67 0 0 0 1 
-0.523162 0 -0.0621812 1548.62 0 0.526844 0 0 0.0621812 0 -0.523162 986.007 0 0 0 1 
-0.0141644 0 0.598669 -288.059 0 0.598836 0 0 -0.598669 0 -0.0141644 1790.99 0 0 0 1 
0.497879 0 -0.208853 891.299 0 0.53991 0 0 0.208853 0 0.497879 1158.53 0 0 0 1 
-0.545258 0 0.194789 -343.422 0 0.579007 0 0 -0.194789 0 -0.545258 -1042.54 0 0 0 1 
-0.528281 0 -0.0113764 -1268.97 0 0.528404 0 0 0.0113764 0 -0.528281 555.396 0 0 0 1 
0.0521319 0 -0.506254 1598.22 0 0.508931 0 0 0.506254 0 0.0521319 1716.24 0 0 0 1 
0.239337 0 -0.542224 483.659 0 0.592697 0 0 0.542224 0 0.239337 -935.425 0 0 0 1 
0.423192 0 0.34852 848.643 0 0.548231 0 0 -0.34852 0 0.423192 1068.24 0 0 0 1 
-0.00536777 0 -0.586934 -1000.81 0 0.586958 0 0 0.586934 0 -0.00536777 1045.99 0 0 0 1 
0.163952 0 -0.478363 -1079.11 0 0.50568 0 0 0.478363 0 0.163952 1685.18 0 0 0 1 
0.482432 0 -0.21042 18.3528 0 0.526324 0 0 0.21042 0 0.482432 1666.99 0 0 0 1 
0.500968 0 -0.284813 -129.12 0 0.57627 0 0 0.284813 0 0.500968 -49.2236 0 0 0 1 
0.494651 0 -0.328716 419.139 0 0.593914 0 0 0.328716 0 0.494651 -1462.9 0 0 0 1 
0.517889 0 0.155666 -1710.44 0 0.540778 0 0 -0.155666 0 0.517889 1493.75 0 0 0 1 
-0.168015 0 0.540765 -1539.37 0 0.566265 0 0 -0.540765 0 -0.168015 1302.51 0 0 0 1 
0.148605 0 -0.559984 634.076 0 0.579367 0 0 0.559984 0 0.148605 -864.564 0 0 0 1 
-0.250152 0 -0.494934 -1593.49 0 0.554559 0 0 0.494934 0 -0.250152 -1379.91 0 0 0 1 
0.396212 0 -0.368157 -1008.98 0 0.540854 0 0 0.368157 0 0.396212 -414.511 0 0 0 1 
0.394816 0 -0.312143 11.7693 0 0.503302 0 0 0.312143 0 0.394816 1363.34 0 0 0 1 
0.256407 0 0.488703 -1524.61 0 0.551883 0 0 -0.488703 0 0.256407 1829.21 0 0 0 1 
0.519164 0 -0.145226 1570.54 0 0.539093 0 0 0.145226 0 0.519164 -704.774 0 0 0 1 
0.372125 0 0.426587 667.922 0 0.566086 0 0 -0.426587 0 0.372125 1796.54 0 0 0 1 
0.453191 0 0.31375 -1860.75 0 0.551199 0 0 -0.31375 0 0.453191 -1498.04 0 0 0 1 
0.43002 0 0.322487 756.2 0 0.537508 0 0 -0.322487 0 0.43002 -1294.51 0 0 0 1 
-0.0884899 0 -0.545186 974.471 0 0.552321 0 0 0.545186 0 -0.0884899 490.135 0 0 0 1 
-0.574125 0 0.0737153 285.533 0 0.578838 0 0 -0.0737153 0 -0.574125 -1330.86 0 0 0 1 
-0.544872 0 0.158286 1453.48 0 0.567397 0 0 -0.158286 0 -0.544872 1833.53 0 0 0 1 
0.204896 0 0.539741 -1256.81 0 0.577323 0 0 -0.539741 0 0.204896 -1268.7 0 0 0 1 
0.447495 0 0.332377 -1159.47 0 0.557428 0 0 -0.332377 0 0.447495 -1604.03 0 0 0 1 
-0.322209 0 0.4001 1484.1 0 0.513711 0 0 -0.4001 0 -0.322209 816.343 0 0 0 1 
0.512672 0 -0.288097 1238.58 0 0.588075 0 0 0.288097 0 0.512672 1318.41 0 0 0 1 
-0.133694 0 -0.535254 283.217 0 0.551699 0 0 0.535254 0 -0.133694 140.238 0 0 0 1 
-0.24265 0 -0.486921 679.324 0 0.544032 0 0 0.486921 0 -0.24265 1864.3 0 0 0 1 
0.528292 0 -0.282251 198.321 0 0.598964 0 0 0.282251 0 0.528292 1875.1 0 0 0 1 
0.503204 0 -0.112266 -1668.3 0 0.515575 0 0 0.112266 0 0.503204 -719.91 0 0 0 1 
-0.561993 0 0.150336 1448.3 0 0.581753 0 0 -0.150336 0 -0.561993 1524.28 0 0 0 1 
-0.0672007 0 0.518928 -920.991 0 0.523261 0 0 -0.518928 0 -0.0672007 -371.69 0 0 0 1 
0.267476 0 -0.464183 1016.03 0 0.535732 0 0 0.464183 0 0.267476 1697.95 0 0 0 1 
0.140991 0 0.57895 1772 0 0.59587 0 0 -0.57895 0 0.140991 928.81 0 0 0 1 
-0.118419 0 -0.536182 -1701.99 0 0.549103 0 0 0.536182 0 -0.118419 310.87 0 0 0 1 
0.0542889 0 -0.593953 -1476.69 0 0.596429 0 0 0.593953 0 0.0542889 24.267 0 0 0 1 
0.122156 0 -0.575234 1904.16 0 0.588061 0 0 0.575234 0 0.122156 1653.88 0 0 0 1 
0.0348501 0 0.506215 1056.71 0 0.507413 0 0 -0.506215 0 0.0348501 3.41345 0 0 0 1 
-0.293809 0 -0.515357 1690.07 0 0.593225 0 0 0.515357 0 -0.293809 -1699.02 0 0 0 1 
-0.0648074 0 0.553329 1354.17 0 0.557112 0 0 -0.553329 0 -0.0648074 -567.843 0 0 0 1 
-0.208764 0 0.525452 -380.591 0 0.565405 0 0 -0.525452 0 -0.208764 -834.156 0 0 0 1 
-0.505218 0 0.0246192 -1749.62 0 0.505817 0 0 -0.0246192 0 -0.505218 1895.13 0 0 0 1 
0.0844968 0 0.514538 -617.032 0 0.52143 0 0 -0.514538 0 0.0844968 -970.659 0 0 0 1 
0.523056 0 -0.237343 1742.96 0 0.574386 0 0 0.237343 0 0.523056 -1960.4 0 0 0 1 
0.117978 0 -0.492598 637.181 0 0.506529 0 0 0.492598 0 0.117978 1356.42 0 0 0 1 
0.0875829 0 -0.534629 -920.405 0 0.541756 0 0 0.534629 0 0.0875829 -621.746 0 0 0 1 
-0.105729 0 -0.557442 -262.45 0 0.56738 0 0 0.557442 0 -0.105729 1271.79 0 0 0 1 
-0.283113 0 -0.527063 -486.307 0 0.598288 0 0 0.527063 0 -0.283113 -998.857 0 0 0 1 
0.496005 0 -0.295381 -71.9064 0 0.577296 0 0 0.295381 0 0.496005 553.249 0 0 0 1 
0.598376 0 0.0309421 -1134.86 0 0.599175 0 0 -0.0309421 0 0.598376 1670.11 0 0 0 1 
-0.337355 0 0.470531 1334.43 0 0.578972 0 0 -0.470531 0 -0.337355 -1939.35 0 0 0 1 
-0.595578 0 0.0371569 -161.316 0 0.596736 0 0 -0.0371569 0 -0.595578 -377.995 0 0 0 1 
0.333752 0 0.41938 -1524.61 0 0.535976 0 0 -0.41938 0 0.333752 955.786 0 0 0 1 
-0.0513438 0 0.51903 937.573 0 0.521563 0 0 -0.51903 0 -0.0513438 -745.069 0 0 0 1 
-0.369756 0 -0.433949 -1766.67 0 0.570115 0 0 0.433949 0 -0.369756 -1491.14 0 0 0 1 
0.454214 0 0.378591 -1929.25 0 0.591304 0 0 -0.378591 0 0.454214 -1876.67 0 0 0 1 
0.353972 0 0.396414 1477.98 0 0.531451 0 0 -0.396414 0 0.353972 90.3953 0 0 0 1 
-0.317385 0 -0.469784 -1909.55 0 0.566948 0 0 0.469784 0 -0.317385 1180.11 0 0 0 1 
-0.144782 0 0.54348 677.904 0 0.562435 0 0 -0.54348 0 -0.144782 658.319 0 0 0 1 
0.20289 0 0.468177 -310.594 0 0.510249 0 0 -0.468177 0 0.20289 -915.23 0 0 0 1 
0.547198 0 0.0379918 975.822 0 0.548515 0 0 -0.0379918 0 0.547198 -1328.09 0 0 0 1 
-0.112039 0 0.55461 184.475 0 0.565813 0 0 -0.55461 0 -0.112039 1853.44 0 0 0 1 
-0.46629 0 -0.307285 -366.031 0 0.558436 0 0 0.307285 0 -0.46629 -100.068 0 0 0 1 
0.469228 0 0.310172 232.256 0 0.562478 0 0 -0.310172 0 0.469228 1059.44 0 0 0 1 
-0.0599791 0 -0.514344 1796.45 0 0.517829 0 0 0.514344 0 -0.0599791 1047.02 0 0 0 1 
-0.494549 0 0.329816 -606.8 0 0.594438 0 0 -0.329816 0 -0.494549 -1119.75 0 0 0 1 
-0.000906727 0 -0.590937 406.67 0 0.590938 0 0 0.590937 0 -0.000906727 1980.32 0 0 0 1 
0.333972 0 0.487835 1582.24 0 0.591202 0 0 -0.487835 0 0.333972 271.571 0 0 0 1 
0.521208 0 0.0237842 571.098 0 0.521751 0 0 -0.0237842 0 0.521208 975.864 0 0 0 1 
0.104319 0 -0.502101 -1531.74 0 0.512823 0 0 0.502101 0 0.104319 1806.74 0 0 0 1 
-0.171763 0 0.558776 -976.749 0 0.58458 0 0 -0.558776 0 -0.171763 659.188 0 0 0 1 
0.500118 0 0.169973 959.247 0 0.528213 0 0 -0.169973 0 0.500118 1641.23 0 0 0 1 
0.547349 0 0.170812 365.848 0 0.573383 0 0 -0.170812 0 0.547349 1237.56 0 0 0 1 
-0.452643 0 -0.219222 -1704.56 0 0.502935 0 0 0.219222 0 -0.452643 505.217 0 0 0 1 
-0.429599 0 -0.317001 367.747 0 0.533896 0 0 0.317001 0 -0.429599 -1186 0 0 0 1 
-0.410957 0 -0.301842 -1587.57 0 0.509897 0 0 0.301842 0 -0.410957 1973.57 0 0 0 1 
-0.516264 0 -0.0311737 360.003 0 0.517205 0 0 0.0311737 0 -0.516264 866.719 0 0 0 1 
-0.0331933 0 0.570218 -1382.8 0 0.571183 0 0 -0.570218 0 -0.0331933 -1153.83 0 0 0 1 
0.501253 0 0.143665 -298.917 0 0.521435 0 0 -0.143665 0 0.501253 -406.104 0 0 0 1 
0.31157 0 -0.499796 -1300.17 0 0.588958 0 0 0.499796 0 0.31157 883.004 0 0 0 1 
0.216463 0 0.558965 -38.8312 0 0.599415 0 0 -0.558965 0 0.216463 683.214 0 0 0 1 
-0.261389 0 -0.434522 -1817.92 0 0.507084 0 0 0.434522 0 -0.261389 -318.711 0 0 0 1 
-0.497839 0 -0.054516 -1860.02 0 0.500815 0 0 0.054516 0 -0.497839 1490.23 0 0 0 1 
0.0403113 0 -0.505058 98.8997 0 0.506664 0 0 0.505058 0 0.0403113 1162.36 0 0 0 1 
0.2125 0 -0.547026 -1982.05 0 0.58685 0 0 0.547026 0 0.2125 1203.08 0 0 0 1 
0.254524 0 -0.523859 -1949.17 0 0.582418 0 0 0.523859 0 0.254524 1057.66 0 0 0 1 
0.409805 0 0.428349 880.631 0 0.592809 0 0 -0.428349 0 0.409805 -1.84412 0 0 0 1 
0.241944 0 0.459394 -391.12 0 0.519211 0 0 -0.459394 0 0.241944 -205.988 0 0 0 1 
0.120145 0 0.585449 1274.71 0 0.59765 0 0 -0.585449 0 0.120145 736.323 0 0 0 1 
0.15259 0 -0.536178 -412.586 0 0.557468 0 0 0.536178 0 0.15259 -1911.28 0 0 0 1 
0.340242 0 -0.397259 -1333.81 0 0.523048 0 0 0.397259 0 0.340242 -1339.3 0 0 0 1 
0.29598 0 0.40857 -1821.24 0 0.504514 0 0 -0.40857 0 0.29598 -1571.72 0 0 0 1 
-0.278473 0 -0.454543 -793.08 0 0.533064 0 0 0.454543 0 -0.278473 -538.316 0 0 0 1 
0.504798 0 -0.314013 -9.01819 0 0.594496 0 0 0.314013 0 0.504798 1547.61 0 0 0 1 
0.546643 0 0.207365 104.948 0 0.584653 0 0 -0.207365 0 0.546643 1882.22 0 0 0 1 
-0.380153 0 0.349718 1917.81 0 0.516546 0 0 -0.349718 0 -0.380153 776.412 0 0 0 1 
-0.261547 0 -0.487146 232.939 0 0.552918 0 0 0.487146 0 -0.261547 271.392 0 0 0 1 
0.373915 0 -0.432013 1169.99 0 0.571356 0 0 0.432013 0 0.373915 1367.3 0 0 0 1 
0.418439 0 -0.338788 -1227.13 0 0.538394 0 0 0.338788 0 0.418439 -1323.25 0 0 0 1 
0.504235 0 0.163377 1282.91 0 0.530042 0 0 -0.163377 0 0.504235 1811.23 0 0 0 1 
-0.403387 0 0.342788 -1629.84 0 0.529363 0 0 -0.342788 0 -0.403387 -401.238 0 0 0 1 
0.16123 0 0.536114 1344.25 0 0.559833 0 0 -0.536114 0 0.16123 -222.53 0 0 0 1 
0.261627 0 0.484488 593.606 0 0.550616 0 0 -0.484488 0 0.261627 402.363 0 0 0 1 
-0.0358228 0 0.573872 1747.3 0 0.574989 0 0 -0.573872 0 -0.0358228 -359.385 0 0 0 1 
-0.508709 0 -0.0397251 850.158 0 0.510258 0 0 0.0397251 0 -0.508709 281.705 0 0 0 1 
0.446094 0 -0.359857 209.977 0 0.573147 0 0 0.359857 0 0.446094 -1382.92 0 0 0 1 
-0.443712 0 0.340381 468.971 0 0.559231 0 0 -0.340381 0 -0.443712 1157.4 0 0 0 1 
-0.347643 0 0.362934 1182.77 0 0.50257 0 0 -0.362934 0 -0.347643 1615.48 0 0 0 1 
-0.462084 0 0.380125 219.077 0 0.598345 0 0 -0.380125 0 -0.462084 1753.78 0 0 0 1 
-0.162565 0 -0.554337 -859.66 0 0.577683 0 0 0.554337 0 -0.162565 128.845 0 0 0 1 
-0.460631 0 0.269424 -1594.43 0 0.533639 0 0 -0.269424 0 -0.460631 -1801.14 0 0 0 1 
0.525779 0 -0.277787 818.716 0 0.594651 0 0 0.277787 0 0.525779 -1323.57 0 0 0 1 
-0.574673 0 0.0292387 621.004 0 0.575417 0 0 -0.0292387 0 -0.574673 43.5138 0 0 0 1 
0.0407957 0 -0.502571 248.09 0 0.504224 0 0 0.502571 0 0.0407957 -960.444 0 0 0 1 
-0.32868 0 0.472802 -627.212 0 0.575823 0 0 -0.472802 0 -0.32868 1376.5 0 0 0 1 
-0.45463 0 -0.241469 -349.949 0 0.514777 0 0 0.241469 0 -0.45463 1440.03 0 0 0 1 
0.490221 0 0.127678 1811.24 0 0.506575 0 0 -0.127678 0 0.490221 -1580.34 0 0 0 1 
0.298047 0 -0.513498 -1693.26 0 0.593728 0 0 0.513498 0 0.298047 1563.06 0 0 0 1 
0.0943861 0 -0.522741 1441.31 0 0.531194 0 0 0.522741 0 0.0943861 1113.08 0 0 0 1 
-0.27372 0 0.524282 -488.716 0 0.591434 0 0 -0.524282 0 -0.27372 -1481.54 0 0 0 1 
0.577808 0 -0.110163 -597.426 0 0.588216 0 0 0.110163 0 0.577808 1153.15 0 0 0 1 
0.299224 0 -0.429769 -1279.02 0 0.523676 0 0 0.429769 0 0.299224 1772.76 0 0 0 1 
0.219478 0 -0.512312 -1272.83 0 0.557346 0 0 0.512312 0 0.219478 1809.86 0 0 0 1 
0.507252 0 -0.044169 -629.566 0 0.509171 0 0 0.044169 0 0.507252 308.802 0 0 0 1 
-0.466218 0 -0.29538 -1374.95 0 0.551914 0 0 0.29538 0 -0.466218 -1915.42 0 0 0 1 
-0.222778 0 0.489447 -1914.89 0 0.537763 0 0 -0.489447 0 -0.222778 -1427.04 0 0 0 1 
0.00871275 0 -0.518983 920.943 0 0.519057 0 0 0.518983 0 0.00871275 1264.76 0 0 0 1 
-0.293091 0 -0.413369 824.449 0 0.506731 0 0 0.413369 0 -0.293091 1395.78 0 0 0 1 
0.239191 0 0.530546 -1148.84 0 0.581972 0 0 -0.530546 0 0.239191 -618.043 0 0 0 1 
0.455141 0 0.356602 1610.12 0 0.578203 0 0 -0.356602 0 0.455141 648.784 0 0 0 1 
-0.513178 0 0.268683 -459.228 0 0.57926 0 0 -0.268683 0 -0.513178 1884.43 0 0 0 1 
-0.510685 0 -0.108529 -190.622 0 0.522089 0 0 0.108529 0 -0.510685 -1399.54 0 0 0 1 
-0.220806 0 -0.467085 846.274 0 0.516646 0 0 0.467085 0 -0.220806 1632.13 0 0 0 1 
-0.241643 0 0.470844 832.101 0 0.529231 0 0 -0.470844 0 -0.241643 -359.028 0 0 0 1 
0.45395 0 -0.31424 -1220.75 0 0.552103 0 0 0.31424 0 0.45395 261.978 0 0 0 1 
0.45499 0 0.238109 -229.186 0 0.513529 0 0 -0.238109 0 0.45499 -593.654 0 0 0 1 
0.394627 0 0.441495 1397.02 0 0.592156 0 0 -0.441495 0 0.394627 -899.073 0 0 0 1 
0.280069 0 -0.486739 1915.22 0 0.561564 0 0 0.486739 0 0.280069 423.879 0 0 0 1 
0.526874 0 0.0178028 -5.82141 0 0.527174 0 0 -0.0178028 0 0.526874 376.864 0 0 0 1 
-0.546121 0 -0.236552 -606.011 0 0.595151 0 0 0.236552 0 -0.546121 -1779.34 0 0 0 1 
-0.212788 0 0.486537 -674.106 0 0.531035 0 0 -0.486537 0 -0.212788 1134.8 0 0 0 1 
-0.31859 0 -0.497205 1103.44 0 0.590518 0 0 0.497205 0 -0.31859 996.981 0 0 0 1 
-0.0394139 0 0.500538 -91.5702 0 0.502087 0 0 -0.500538 0 -0.0394139 -737.516 0 0 0 1 
-0.512754 0 -0.306445 1109.79 0 0.597349 0 0 0.306445 0 -0.512754 1136.39 0 0 0 1 
0.514127 0 -0.0124213 -21.4355 0 0.514277 0 0 0.0124213 0 0.514127 1797.31 0 0 0 1 
-0.425234 0 0.320256 -971.138 0 0.532342 0 0 -0.320256 0 -0.425234 -120.244 0 0 0 1 
0.562211 0 -0.17982 -1964.68 0 0.590268 0 0 0.17982 0 0.562211 -1390.72 0 0 0 1 
-0.449742 0 -0.232013 -1288.49 0 0.506061 0 0 0.232013 0 -0.449742 -1936.38 0 0 0 1 
0.222527 0 -0.456976 972.653 0 0.508277 0 0 0.456976 0 0.222527 -1869.6 0 0 0 1 
-0.428195 0 0.297908 245.688 0 0.521632 0 0 -0.297908 0 -0.428195 -1580.4 0 0 0 1 
0.439078 0 -0.345324 889.007 0 0.558603 0 0 0.345324 0 0.439078 856.317 0 0 0 1 
-0.188482 0 0.517108 -457.726 0 0.550387 0 0 -0.517108 0 -0.188482 1179.08 0 0 0 1 
-0.4898 0 -0.110053 -404.412 0 0.502012 0 0 0.110053 0 -0.4898 1818.92 0 0 0 1 
0.541972 0 -0.160485 -508.876 0 0.565234 0 0 0.160485 0 0.541972 686 0 0 0 1 
0.299089 0 -0.512572 -1909.45 0 0.593451 0 0 0.512572 0 0.299089 -612.994 0 0 0 1 
-0.525624 0 -0.195628 -932.654 0 0.560848 0 0 0.195628 0 -0.525624 -542.319 0 0 0 1 
0.439366 0 0.383985 -37.4606 0 0.583512 0 0 -0.383985 0 0.439366 -1732.99 0 0 0 1 
0.513676 0 -0.212401 1602.51 0 0.555857 0 0 0.212401 0 0.513676 931.1 0 0 0 1 
-0.163508 0 -0.527058 674.285 0 0.551838 0 0 0.527058 0 -0.163508 1236.56 0 0 0 1 
0.438403 0 -0.32512 265.306 0 0.545803 0 0 0.32512 0 0.438403 371.987 0 0 0 1 
-0.326192 0 0.399376 -1365.93 0 0.515657 0 0 -0.399376 0 -0.326192 -1482.38 0 0 0 1 
-0.50661 0 -0.0744831 117.024 0 0.512057 0 0 0.0744831 0 -0.50661 -406.742 0 0 0 1 
-0.510469 0 0.237092 -713.592 0 0.562842 0 0 -0.237092 0 -0.510469 -1227.34 0 0 0 1 
0.553617 0 -0.1107 1548.58 0 0.564576 0 0 0.1107 0 0.553617 -496.526 0 0 0 1 
-0.388166 0 0.352675 643.261 0 0.524455 0 0 -0.352675 0 -0.388166 1103.02 0 0 0 1 
-0.188999 0 0.473074 851.081 0 0.509431 0 0 -0.473074 0 -0.188999 1664.34 0 0 0 1 
-0.528723 0 0.196274 -1927.17 0 0.563978 0 0 -0.196274 0 -0.528723 354.085 0 0 0 1 
0.52215 0 0.187318 -209.014 0 0.554733 0 0 -0.187318 0 0.52215 -336.822 0 0 0 1 
0.434526 0 -0.336266 44.4832 0 0.549443 0 0 0.336266 0 0.434526 -192.931 0 0 0 1 
-0.474814 0 0.276618 927.883 0 0.549514 0 0 -0.276618 0 -0.474814 1085.04 0 0 0 1 
0.322021 0 -0.455637 -1175.88 0 0.557944 0 0 0.455637 0 0.322021 -1256.01 0 0 0 1 
0.454936 0 0.218099 -1996.3 0 0.504514 0 0 -0.218099 0 0.454936 -1006.67 0 0 0 1 
0.0922164 0 0.497732 -1446.21 0 0.506202 0 0 -0.497732 0 0.0922164 1685.3 0 0 0 1 
-0.472927 0 -0.174484 -1956.86 0 0.504088 0 0 0.174484 0 -0.472927 -319.953 0 0 0 1 
-0.162461 0 -0.533275 443.849 0 0.557473 0 0 0.533275 0 -0.162461 -569.27 0 0 0 1 
-0.443995 0 -0.25125 -1236.48 0 0.510155 0 0 0.25125 0 -0.443995 1344.71 0 0 0 1 
-0.253201 0 0.476554 1775.5 0 0.539643 0 0 -0.476554 0 -0.253201 -1557.13 0 0 0 1 
0.169078 0 0.521368 78.5649 0 0.548098 0 0 -0.521368 0 0.169078 206.26 0 0 0 1 
-0.351508 0 0.455401 739.15 0 0.575281 0 0 -0.455401 0 -0.351508 -792.781 0 0 0 1 
0.171731 0 -0.508771 1242.82 0 0.536973 0 0 0.508771 0 0.171731 1434.13 0 0 0 1 
-0.247463 0 -0.443768 1001.17 0 0.508102 0 0 0.443768 0 -0.247463 -72.6268 0 0 0 1 
-0.588707 0 -0.0226656 -733.356 0 0.589144 0 0 0.0226656 0 -0.588707 1461.17 0 0 0 1 
0.478305 0 0.254597 -414.122 0 0.541844 0 0 -0.254597 0 0.478305 -385.739 0 0 0 1 
-0.141248 0 0.557371 -485.039 0 0.57499 0 0 -0.557371 0 -0.141248 1626.11 0 0 0 1 
-0.595713 0 -0.0242166 813.138 0 0.596205 0 0 0.0242166 0 -0.595713 -765.642 0 0 0 1 
0.21427 0 0.509492 829.712 0 0.552715 0 0 -0.509492 0 0.21427 -1404.39 0 0 0 1 
0.501536 0 -0.15613 1710.09 0 0.525276 0 0 0.15613 0 0.501536 -597.291 0 0 0 1 
0.385105 0 0.425781 -1643.86 0 0.574104 0 0 -0.425781 0 0.385105 1847.06 0 0 0 1 
0.547566 0 0.182406 -1145.19 0 0.577148 0 0 -0.182406 0 0.547566 -1940.67 0 0 0 1 
0.0684734 0 0.562666 -122.219 0 0.566817 0 0 -0.562666 0 0.0684734 -1391.3 0 0 0 1 
-0.269033 0 -0.52652 1151.21 0 0.591271 0 0 0.52652 0 -0.269033 -365.958 0 0 0 1 
0.537129 0 0.135627 -1755.83 0 0.553988 0 0 -0.135627 0 0.537129 243.413 0 0 0 1 
0.297506 0 -0.412833 537.876 0 0.508863 0 0 0.412833 0 0.297506 849.317 0 0 0 1 
0.555985 0 -0.14003 -1528.87 0 0.573348 0 0 0.14003 0 0.555985 783.085 0 0 0 1 
0.395829 0 -0.432658 162.674 0 0.586407 0 0 0.432658 0 0.395829 1124.9 0 0 0 1 
0.19267 0 0.502414 81.8652 0 0.538091 0 0 -0.502414 0 0.19267 -934.41 0 0 0 1 
-0.468803 0 -0.301565 -1164.25 0 0.55742 0 0 0.301565 0 -0.468803 175.22 0 0 0 1 
0.468597 0 0.203295 1145.64 0 0.510796 0 0 -0.203295 0 0.468597 374.187 0 0 0 1 
-0.458084 0 -0.237445 -101.946 0 0.515966 0 0 0.237445 0 -0.458084 -52.6278 0 0 0 1 
0.581318 0 -0.0699187 -699.506 0 0.585508 0 0 0.0699187 0 0.581318 -1969.99 0 0 0 1 
0.21784 0 0.50013 -1405.92 0 0.545513 0 0 -0.50013 0 0.21784 -1124.55 0 0 0 1 
0.40919 0 -0.350092 -34.213 0 0.538517 0 0 0.350092 0 0.40919 1413.47 0 0 0 1 
-0.52992 0 -0.129546 -174.382 0 0.545525 0 0 0.129546 0 -0.52992 -1779.17 0 0 0 1 
0.018925 0 -0.599031 -1023.01 0 0.59933 0 0 0.599031 0 0.018925 -438.573 0 0 0 1 
-0.129823 0 -0.544836 1932.56 0 0.56009 0 0 0.544836 0 -0.129823 1419.56 0 0 0 1 
-0.554723 0 0.179096 76.6265 0 0.582918 0 0 -0.179096 0 -0.554723 -161.547 0 0 0 1 
-0.498911 0 -0.289316 1728.68 0 0.576729 0 0 0.289316 0 -0.498911 766.234 0 0 0 1 
0.523411 0 -0.15301 -1560.6 0 0.545318 0 0 0.15301 0 0.523411 217.854 0 0 0 1 
-0.541227 0 -0.258883 -1290.36 0 0.599956 0 0 0.258883 0 -0.541227 -1121.7 0 0 0 1 
0.547072 0 -0.148589 1202.93 0 0.566892 0 0 0.148589 0 0.547072 480.179 0 0 0 1 
-0.30388 0 -0.467578 1163.46 0 0.557649 0 0 0.467578 0 -0.30388 1406.12 0 0 0 1 
0.446036 0 -0.252735 1960 0 0.512662 0 0 0.252735 0 0.446036 1229.18 0 0 0 1 
0.0452392 0 0.561912 -468.576 0 0.56373 0 0 -0.561912 0 0.0452392 -372.886 0 0 0 1 
-0.29762 0 -0.512286 -1841.43 0 0.592465 0 0 0.512286 0 -0.29762 -1035.99 0 0 0 1 
-0.112885 0 -0.516927 1451.28 0 0.529109 0 0 0.516927 0 -0.112885 -110.995 0 0 0 1 
-0.224049 0 -0.542703 396.504 0 0.587132 0 0 0.542703 0 -0.224049 1260.79 0 0 0 1 
-0.463867 0 0.292024 206.167 0 0.548134 0 0 -0.292024 0 -0.463867 870.806 0 0 0 1 
-0.389995 0 0.413037 1075.92 0 0.568063 0 0 -0.413037 0 -0.389995 1425.36 0 0 0 1 
0.406492 0 -0.326529 -240.161 0 0.521399 0 0 0.326529 0 0.406492 -1798.74 0 0 0 1 
-0.323104 0 0.499052 760.181 0 0.594515 0 0 -0.499052 0 -0.323104 326.624 0 0 0 1 
0.0303203 0 0.576383 1108.49 0 0.57718 0 0 -0.576383 0 0.0303203 -0.480225 0 0 0 1 
0.449634 0 0.292549 -1332.93 0 0.536428 0 0 -0.292549 0 0.449634 -429.258 0 0 0 1 
0.328363 0 -0.390526 -851.052 0 0.510228 0 0 0.390526 0 0.328363 -743.65 0 0 0 1 
0.441923 0 0.334838 -1447.05 0 0.554448 0 0 -0.334838 0 0.441923 1897.79 0 0 0 1 
-0.545873 0 0.181051 -244.696 0 0.575114 0 0 -0.181051 0 -0.545873 101.247 0 0 0 1 
-0.164892 0 -0.509985 -1275.72 0 0.53598 0 0 0.509985 0 -0.164892 -1343.57 0 0 0 1 
-0.105883 0 0.514312 1399.46 0 0.525098 0 0 -0.514312 0 -0.105883 -110.117 0 0 0 1 
-0.162887 0 0.528093 -1324.33 0 0.552643 0 0 -0.528093 0 -0.162887 -230.787 0 0 0 1 
-0.336905 0 -0.395788 -1972.29 0 0.519763 0 0 0.395788 0 -0.336905 -1238.36 0 0 0 1 
-0.171469 0 0.571099 1087.23 0 0.596285 0 0 -0.571099 0 -0.171469 -324.694 0 0 0 1 
-0.537147 0 0.152819 -1788.95 0 0.558463 0 0 -0.152819 0 -0.537147 -87.0352 0 0 0 1 
0.256288 0 0.537629 -838.254 0 0.595591 0 0 -0.537629 0 0.256288 21.1215 0 0 0 1 
-0.50821 0 0.0248797 824.745 0 0.508818 0 0 -0.0248797 0 -0.50821 -146.397 0 0 0 1 
0.275355 0 0.503168 578.367 0 0.573584 0 0 -0.503168 0 0.275355 -1768.17 0 0 0 1 
0.089754 0 -0.543376 111.002 0 0.550739 0 0 0.543376 0 0.089754 -1800.18 0 0 0 1 
0.124409 0 -0.484979 -1994.51 0 0.500682 0 0 0.484979 0 0.124409 1325.69 0 0 0 1 
-0.0397519 0 0.518716 1493.16 0 0.520237 0 0 -0.518716 0 -0.0397519 1265.95 0 0 0 1 
0.185836 0 -0.548801 -1353.86 0 0.579411 0 0 0.548801 0 0.185836 -1017.97 0 0 0 1 
0.411875 0 0.409929 -921.157 0 0.581105 0 0 -0.409929 0 0.411875 -823.202 0 0 0 1 
0.377109 0 0.366767 1818.38 0 0.526051 0 0 -0.366767 0 0.377109 -1190.78 0 0 0 1 
-0.582752 0 0.0587702 -1444.28 0 0.585708 0 0 -0.0587702 0 -0.582752 719.641 0 0 0 1 
0.283699 0 -0.432497 -586.145 0 0.517241 0 0 0.432497 0 0.283699 38.8221 0 0 0 1 
-0.448116 0 0.346319 -1895.83 0 0.566343 0 0 -0.346319 0 -0.448116 455.995 0 0 0 1 
0.129956 0 -0.520698 1205.18 0 0.53667 0 0 0.520698 0 0.129956 1201.15 0 0 0 1 
-0.339924 0 -0.450817 1689.8 0 0.56461 0 0 0.450817 0 -0.339924 1212.97 0 0 0 1 
-0.384413 0 -0.444188 -1160.33 0 0.587432 0 0 0.444188 0 -0.384413 -395.006 0 0 0 1 
0.262232 0 0.495463 406.513 0 0.560579 0 0 -0.495463 0 0.262232 -9.45801 0 0 0 1 
-0.421013 0 -0.312591 -190.069 0 0.524371 0 0 0.312591 0 -0.421013 -969.833 0 0 0 1 
-0.00339751 0 0.559615 -385.925 0 0.559625 0 0 -0.559615 0 -0.00339751 158.517 0 0 0 1 
-0.147045 0 0.53824 386.742 0 0.557965 0 0 -0.53824 0 -0.147045 1749.45 0 0 0 1 
-0.317321 0 -0.428497 -1401.87 0 0.5332 0 0 0.428497 0 -0.317321 1571.53 0 0 0 1 
-0.380644 0 0.431989 -1820.27 0 0.575764 0 0 -0.431989 0 -0.380644 -1212.68 0 0 0 1 
-0.533073 0 0.0280501 -1087.65 0 0.53381 0 0 -0.0280501 0 -0.533073 -709.355 0 0 0 1 
0.446959 0 -0.275241 362.726 0 0.52491 0 0 0.275241 0 0.446959 -1219.21 0 0 0 1 
-0.441473 0 -0.273894 -1374.72 0 0.519534 0 0 0.273894 0 -0.441473 -1730.98 0 0 0 1 
0.508727 0 -0.119027 1197.76 0 0.522466 0 0 0.119027 0 0.508727 -280.391 0 0 0 1 
0.412221 0 0.427426 1372.09 0 0.593817 0 0 -0.427426 0 0.412221 1211.39 0 0 0 1 
-0.162193 0 -0.510281 471.272 0 0.535438 0 0 0.510281 0 -0.162193 -1062.03 0 0 0 1 
-0.316321 0 0.471615 1284.78 0 0.567873 0 0 -0.471615 0 -0.316321 1590.64 0 0 0 1 
-0.0925849 0 -0.579248 442.151 0 0.586601 0 0 0.579248 0 -0.0925849 -717.336 0 0 0 1 
0.256276 0 0.436355 1471.72 0 0.506046 0 0 -0.436355 0 0.256276 -324.928 0 0 0 1 
-0.528009 0 -0.187914 562.16 0 0.560451 0 0 0.187914 0 -0.528009 26.3302 0 0 0 1 
0.510889 0 -0.278287 135.131 0 0.581766 0 0 0.278287 0 0.510889 -1846.39 0 0 0 1 
-0.379718 0 0.331307 -108.822 0 0.503935 0 0 -0.331307 0 -0.379718 590.267 0 0 0 1 
-0.0894769 0 -0.567237 732.401 0 0.574251 0 0 0.567237 0 -0.0894769 -1778.94 0 0 0 1 
-0.595296 0 -0.055838 -929.153 0 0.597909 0 0 0.055838 0 -0.595296 -954.293 0 0 0 1 
0.380963 0 0.344954 -38.7616 0 0.513932 0 0 -0.344954 0 0.380963 1672.57 0 0 0 1 
-0.544612 0 -0.239308 999.204 0 0.59487 0 0 0.239308 0 -0.544612 -219.144 0 0 0 1 
-0.0671137 0 -0.514691 -1322.55 0 0.519049 0 0 0.514691 0 -0.0671137 -1938.35 0 0 0 1 
0.450639 0 0.313977 -1136.54 0 0.549233 0 0 -0.313977 0 0.450639 517.061 0 0 0 1 
-0.234164 0 -0.451871 1783.87 0 0.50894 0 0 0.451871 0 -0.234164 420.155 0 0 0 1 
0.467855 0 -0.276801 -1543.27 0 0.543606 0 0 0.276801 0 0.467855 1520.34 0 0 0 1 
0.0950451 0 0.534786 1182.84 0 0.543166 0 0 -0.534786 0 0.0950451 950.923 0 0 0 1 
-0.511208 0 0.228309 -66.314 0 0.559873 0 0 -0.228309 0 -0.511208 262.979 0 0 0 1 
-0.495076 0 0.118402 1991.93 0 0.509038 0 0 -0.118402 0 -0.495076 1403.54 0 0 0 1 
0.30375 0 -0.437285 1088.89 0 0.53243 0 0 0.437285 0 0.30375 1322.21 0 0 0 1 
-0.0438195 0 -0.536499 -1118.91 0 0.538285 0 0 0.536499 0 -0.0438195 909.584 0 0 0 1 
0.162572 0 -0.54483 -356.736 0 0.568568 0 0 0.54483 0 0.162572 1575.46 0 0 0 1 
0.264409 0 -0.511631 -1872.78 0 0.575915 0 0 0.511631 0 0.264409 -1289.51 0 0 0 1 
0.235066 0 0.469241 345.429 0 0.524827 0 0 -0.469241 0 0.235066 -1099.8 0 0 0 1 
0.0484203 0 0.527842 -1210.48 0 0.530059 0 0 -0.527842 0 0.0484203 -110.574 0 0 0 1 
-0.373362 0 -0.342033 -1483.97 0 0.506346 0 0 0.342033 0 -0.373362 891.922 0 0 0 1 
0.0933457 0 0.542771 331.78 0 0.550739 0 0 -0.542771 0 0.0933457 1110.64 0 0 0 1 
0.121972 0 0.500127 -856.588 0 0.514786 0 0 -0.500127 0 0.121972 1624.21 0 0 0 1 
0.428626 0 -0.267325 -658.961 0 0.505157 0 0 0.267325 0 0.428626 581.903 0 0 0 1 
0.434917 0 -0.377126 -1240.98 0 0.575654 0 0 0.377126 0 0.434917 182.554 0 0 0 1 
-0.245315 0 -0.478605 1794.64 0 0.537813 0 0 0.478605 0 -0.245315 -620.264 0 0 0 1 
0.55813 0 -0.00271252 27.8411 0 0.558136 0 0 0.00271252 0 0.55813 -119.267 0 0 0 1 
0.506676 0 0.109476 570.55 0 0.518369 0 0 -0.109476 0 0.506676 389.837 0 0 0 1 
-0.32903 0 -0.390364 79.6279 0 0.510534 0 0 0.390364 0 -0.32903 -456.916 0 0 0 1 
0.511806 0 -0.238913 1612.66 0 0.564823 0 0 0.238913 0 0.511806 1440.18 0 0 0 1 
-0.389671 0 0.314824 -359.161 0 0.500956 0 0 -0.314824 0 -0.389671 1417.19 0 0 0 1 
-0.377482 0 -0.344627 677.941 0 0.511137 0 0 0.344627 0 -0.377482 -1408.06 0 0 0 1 
0.504537 0 -0.214028 1774.2 0 0.548056 0 0 0.214028 0 0.504537 -375.376 0 0 0 1 
-0.593899 0 0.0661514 1160.74 0 0.597572 0 0 -0.0661514 0 -0.593899 -644.03 0 0 0 1 
0.503761 0 0.0397872 1218.33 0 0.50533 0 0 -0.0397872 0 0.503761 -120.177 0 0 0 1 
0.43465 0 -0.341816 -514.534 0 0.552954 0 0 0.341816 0 0.43465 1302.49 0 0 0 1 
0.00193755 0 0.583472 1026.49 0 0.583475 0 0 -0.583472 0 0.00193755 -560.432 0 0 0 1 
0.20541 0 0.513341 230.209 0 0.552913 0 0 -0.513341 0 0.20541 -196.125 0 0 0 1 
0.543286 0 -0.23069 1893 0 0.590236 0 0 0.23069 0 0.543286 -65.3586 0 0 0 1 
-0.541494 0 0.166523 -354.034 0 0.566521 0 0 -0.166523 0 -0.541494 662.093 0 0 0 1 
0.476291 0 -0.239998 -1841.78 0 0.533341 0 0 0.239998 0 0.476291 1585.55 0 0 0 1 
-0.0490607 0 0.529918 180.898 0 0.532184 0 0 -0.529918 0 -0.0490607 -177.413 0 0 0 1 
-0.515571 0 0.175696 -1168.79 0 0.544686 0 0 -0.175696 0 -0.515571 -1295.6 0 0 0 1 
0.557714 0 0.0409625 709.214 0 0.559216 0 0 -0.0409625 0 0.557714 -625.788 0 0 0 1 
