# matrices
121.024 0 -72.7079 1814.9 0 141.185 0 0 72.7079 0 121.024 95.5159 0 0 0 1 
1.65858 0 -148.868 -47.7305 0 148.878 0 0 148.868 0 1.65858 -644.003 0 0 0 1 
-89.886 0 116.926 -786.58 0 147.483 0 0 -116.926 0 -89.886 -1524.46 0 0 0 1 
-45.242 0 -142.907 -523.533 0 149.898 0 0 142.907 0 -45.242 -289.853 0 0 0 1 
-121.482 0 -76.2677 1714.94 0 143.439 0 0 76.2677 0 -121.482 546.948 0 0 0 1 
53.7118 0 130.785 1527.22 0 141.385 0 0 -130.785 0 53.7118 1698.95 0 0 0 1 
15.1929 0 -144.048 -880.603 0 144.847 0 0 144.048 0 15.1929 -330.736 0 0 0 1 
-138.344 0 80.3025 -742.282 0 159.961 0 0 -80.3025 0 -138.344 601.571 0 0 0 1 
6.5278 0 -140.563 -1534.05 0 140.715 0 0 140.563 0 6.5278 -433.248 0 0 0 1 
150.156 0 41.9326 528.173 0 155.901 0 0 -41.9326 0 150.156 202.373 0 0 0 1 
12.1682 0 -156.078 681.318 0 156.551 0 0 156.078 0 12.1682 -1954.45 0 0 0 1 
-2.06223 0 158.659 18.7048 0 158.673 0 0 -158.659 0 -2.06223 -687.779 0 0 0 1 
137.615 0 -82.2719 739.988 0 160.332 0 0 82.2719 0 137.615 1375 0 0 0 1 
-111.588 0 -113.114 182.378 0 158.891 0 0 113.114 0 -111.588 1224.18 0 0 0 1 
-131.401 0 -76.1341 -1043.51 0 151.864 0 0 76.1341 0 -131.401 15.5609 0 0 0 1 
155.872 0 27.6522 71.3003 0 158.306 0 0 -27.6522 0 155.872 -1200.8 0 0 0 1 
-33.8878 0 140.067 -11.4366 0 144.108 0 0 -140.067 0 -33.8878 911.091 0 0 0 1 
149.732 0 -20.3094 999.283 0 151.104 0 0 20.3094 0 149.732 -581.911 0 0 0 1 
-145.878 0 -23.2015 1001.87 0 147.711 0 0 23.2015 0 -145.878 1763.58 0 0 0 1 
109.654 0 -105.163 -1983.94 0 151.932 0 0 105.163 0 109.654 -61.663 0 0 0 1 
-96.5501 0 -106.259 -1187.99 0 143.572 0 0 106.259 0 -96.5501 499.795 0 0 0 1 
-34.7427 0 141.136 1829.61 0 145.349 0 0 -141.136 0 -34.7427 -566.859 0 0 0 1 
98.1398 0 -112.526 1235.44 0 149.31 0 0 112.526 0 98.1398 -325.031 0 0 0 1 
-31.1934 0 141.042 -407.444 0 144.451 0 0 -141.042 0 -31.1934 -989.904 0 0 0 1 
7.20248 0 -142.731 -926.814 0 142.913 0 0 142.731 0 7.20248 -1238.44 0 0 0 1 
134.186 0 -50.9759 -1756.99 0 143.543 0 0 50.9759 0 134.186 -1185.84 0 0 0 1 
-35.1274 0 137.074 287.756 0 141.504 0 0 -137.074 0 -35.1274 500.865 0 0 0 1 
137.443 0 -48.1129 671.441 0 145.62 0 0 48.1129 0 137.443 -144.847 0 0 0 1 
38.1239 0 -149.603 -1174.18 0 154.385 0 0 149.603 0 38.1239 837.076 0 0 0 1 
-35.8623 0 149.501 313.205 0 153.743 0 0 -149.501 0 -35.8623 -985.251 0 0 0 1 
-118.441 0 98.9941 -105.37 0 154.363 0 0 -98.9941 0 -118.441 -99.2284 0 0 0 1 
109.233 0 -107.357 344.396 0 153.158 0 0 107.357 0 109.233 -584.027 0 0 0 1 
86.3914 0 113.099 1945.47 0 142.319 0 0 -113.099 0 86.3914 528.374 0 0 0 1 
-135.848 0 37.4074 651.969 0 140.904 0 0 -37.4074 0 -135.848 254.167 0 0 0 1 
123.225 0 80.8222 1734.93 0 147.366 0 0 -80.8222 0 123.225 -137.638 0 0 0 1 
-127.413 0 63.2254 469.877 0 142.238 0 0 -63.2254 0 -127.413 -1890.68 0 0 0 1 
-148.349 0 -39.0419 187.846 0 153.401 0 0 39.0419 0 -148.349 -646.863 0 0 0 1 
52.2947 0 -135.968 1138.28 0 145.678 0 0 135.968 0 52.2947 -714.955 0 0 0 1 
116.975 0 -103.787 -1402.34 0 156.381 0 0 103.787 0 116.975 -1415.75 0 0 0 1 
14.0806 0 153.543 1456.47 0 154.187 0 0 -153.543 0 14.0806 434.313 0 0 0 1 
-106.56 0 -103.043 944.392 0 148.232 0 0 103.043 0 -106.56 -11.8086 0 0 0 1 
-143.3 0 -44.8897 -1564.23 0 150.166 0 0 44.8897 0 -143.3 -687.732 0 0 0 1 
-44.5727 0 140.38 -1298.21 0 147.286 0 0 -140.38 0 -44.5727 591.926 0 0 0 1 
57.891 0 -143.838 1393.99 0 155.05 0 0 143.838 0 57.891 409.81 0 0 0 1 
115.529 0 92.0605 1267.13 0 147.723 0 0 -92.0605 0 115.529 -1252.48 0 0 0 1 
-139.446 0 -79.0457 -988.85 0 160.291 0 0 79.0457 0 -139.446 891.749 0 0 0 1 
-140.967 0 19.2292 398.19 0 142.272 0 0 -19.2292 0 -140.967 294.501 0 0 0 1 
20.8997 0 147.072 -355.19 0 148.549 0 0 -147.072 0 20.8997 264.713 0 0 0 1 
139.299 0 -63.1203 -1091.5 0 152.932 0 0 63.1203 0 139.299 -101.337 0 0 0 1 
71.9319 0 129.842 -749.527 0 148.435 0 0 -129.842 0 71.9319 1716.79 0 0 0 1 
124.663 0 69.3629 1658.32 0 142.66 0 0 -69.3629 0 124.663 1761.49 0 0 0 1 
73.0974 0 -135.429 644.759 0 153.896 0 0 135.429 0 73.0974 763.064 0 0 0 1 
-112.945 0 107.061 -1787.24 0 155.624 0 0 -107.061 0 -112.945 -396.832 0 0 0 1 
143.527 0 -56.1815 336.142 0 154.131 0 0 56.1815 0 143.527 1647.16 0 0 0 1 
-140.703 0 15.9613 -803.937 0 141.606 0 0 -15.9613 0 -140.703 505.148 0 0 0 1 
41.0125 0 139.911 -461.136 0 145.798 0 0 -139.911 0 41.0125 926.243 0 0 0 1 
117.668 0 79.2934 1765.35 0 141.891 0 0 -79.2934 0 117.668 821.231 0 0 0 1 
-102.813 0 -107.247 -1426.36 0 148.568 0 0 107.247 0 -102.813 -1833.76 0 0 0 1 
-141.047 0 49.5696 1205.4 0 149.504 0 0 -49.5696 0 -141.047 1953.47 0 0 0 1 
-88.7831 0 131.744 -1244.18 0 158.868 0 0 -131.744 0 -88.7831 -1785.7 0 0 0 1 
-147.894 0 -39.482 1983.95 0 153.074 0 0 39.482 0 -147.894 -634.905 0 0 0 1 
154.112 0 -11.359 147.316 0 154.53 0 0 11.359 0 154.112 -1175.99 0 0 0 1 
139.956 0 47.7547 -224.023 0 147.879 0 0 -47.7547 0 139.956 337.6 0 0 0 1 
-49.9403 0 132.626 1080.13 0 141.717 0 0 -132.626 0 -49.9403 196.391 0 0 0 1 
145.69 0 10.0258 1533.23 0 146.035 0 0 -10.0258 0 145.69 1757.67 0 0 0 1 
-1.15863 0 -149.029 1041.87 0 149.033 0 0 149.029 0 -1.15863 1560.9 0 0 0 1 
125.202 0 97.6784 -1701 0 158.798 0 0 -97.6784 0 125.202 864.03 0 0 0 1 
101.555 0 -120.41 5.56543 0 157.519 0 0 120.41 0 101.555 -1040.52 0 0 0 1 
-145.158 0 1.2961 -1853.41 0 145.164 0 0 -1.2961 0 -145.158 148.203 0 0 0 1 
-59.9239 0 131.697 -1949.39 0 144.689 0 0 -131.697 0 -59.9239 -141 0 0 0 1 
-23.3599 0 143.415 826.238 0 145.305 0 0 -143.415 0 -23.3599 1792.31 0 0 0 1 
20.8223 0 150.222 -1322.77 0 151.658 0 0 -150.222 0 20.8223 1510.97 0 0 0 1 
63.716 0 144.135 -1693.65 0 157.59 0 0 -144.135 0 63.716 998.865 0 0 0 1 
143.73 0 -69.8837 -250.29 0 159.819 0 0 69.8837 0 143.73 62.9038 0 0 0 1 
-156.462 0 31.3975 -685.438 0 159.582 0 0 -31.3975 0 -156.462 529.9 0 0 0 1 
147.171 0 44.5549 971.089 0 153.767 0 0 -44.5549 0 147.171 -128.402 0 0 0 1 
32.7468 0 -149.582 -202.335 0 153.125 0 0 149.582 0 32.7468 -904.325 0 0 0 1 
93.0531 0 110.368 -1525.77 0 144.36 0 0 -110.368 0 93.0531 -807.216 0 0 0 1 
-144.408 0 16.7856 1869.94 0 145.38 0 0 -16.7856 0 -144.408 945.099 0 0 0 1 
44.0913 0 140.217 -1157.08 0 146.986 0 0 -140.217 0 44.0913 1682.76 0 0 0 1 
-57.2624 0 -146.917 -658.128 0 157.681 0 0 146.917 0 -57.2624 -13.1946 0 0 0 1 
-153.341 0 -0.583805 1911.33 0 153.342 0 0 0.583805 0 -153.341 -914.572 0 0 0 1 
102.424 0 118.761 1711.65 0 156.828 0 0 -118.761 0 102.424 -1414.3 0 0 0 1 
12.7641 0 151.747 -400.992 0 152.283 0 0 -151.747 0 12.7641 492.055 0 0 0 1 
137.166 0 65.3121 -1760.87 0 151.922 0 0 -65.3121 0 137.166 -500.328 0 0 0 1 
-62.8001 0 131.17 378.875 0 145.428 0 0 -131.17 0 -62.8001 -1721.24 0 0 0 1 
137.278 0 55.9998 -366.031 0 148.261 0 0 -55.9998 0 137.278 66.3833 0 0 0 1 
-97.3152 0 115.987 1771.92 0 151.404 0 0 -115.987 0 -97.3152 -831.086 0 0 0 1 
123.515 0 -76.9896 815.698 0 145.545 0 0 76.9896 0 123.515 -1215.03 0 0 0 1 
125.405 0 -77.3861 599.942 0 147.36 0 0 77.3861 0 125.405 -968.47 0 0 0 1 
-136.285 0 43.6058 1053.08 0 143.092 0 0 -43.6058 0 -136.285 430.494 0 0 0 1 
99.3313 0 115.32 315.167 0 152.202 0 0 -115.32 0 99.3313 1687.55 0 0 0 1 
-76.4131 0 126.586 -1869.26 0 147.861 0 0 -126.586 0 -76.4131 1625.05 0 0 0 1 
-143.512 0 -8.49406 -558.42 0 143.763 0 0 8.49406 0 -143.512 -489.075 0 0 0 1 
-61.2047 0 147.997 762.579 0 160.154 0 0 -147.997 0 -61.2047 1236.84 0 0 0 1 
128.186 0 -93.2329 -705.126 0 158.506 0 0 93.2329 0 128.186 -379.293 0 0 0 1 
137.445 0 -80.2106 -1361.64 0 159.138 0 0 80.2106 0 137.445 428.107 0 0 0 1 
104.449 0 -110.851 358.473 0 152.308 0 0 110.851 0 104.449 757.838 0 0 0 1 
-73.2872 0 123.975 825.239 0 144.017 0 0 -123.975 0 -73.2872 -719.605 0 0 0 1 
-129.644 0 55.2291 1298.61 0 140.918 0 0 -55.2291 0 -129.644 92.2693 0 0 0 1 
62.6272 0 -138.454 1440.49 0 151.959 0 0 138.454 0 62.6272 -511.111 0 0 0 1 
111.947 0 -93.1973 1880.02 0 145.664 0 0 93.1973 0 111.947 -1250.99 0 0 0 1 
-154.028 0 32.0047 -510.56 0 157.318 0 0 -32.0047 0 -154.028 132.291 0 0 0 1 
-28.5322 0 140.858 829.67 0 143.719 0 0 -140.858 0 -28.5322 734.746 0 0 0 1 
109.419 0 110.104 388.708 0 155.227 0 0 -110.104 0 109.419 431.665 0 0 0 1 
137.069 0 55.1501 -921.782 0 147.748 0 0 -55.1501 0 137.069 -1357.61 0 0 0 1 
130.392 0 79.571 553.574 0 152.753 0 0 -79.571 0 130.392 579.294 0 0 0 1 
-142.002 0 23.2551 -1925.24 0 143.893 0 0 -23.2551 0 -142.002 -39.6748 0 0 0 1 
86.3887 0 -119.975 1740.77 0 147.841 0 0 119.975 0 86.3887 -1118.07 0 0 0 1 
-32.5965 0 -141.082 -131.283 0 144.799 0 0 141.082 0 -32.5965 -198.998 0 0 0 1 
-140.81 0 -4.09826 1774.85 0 140.869 0 0 4.09826 0 -140.81 1968.24 0 0 0 1 
-43.0986 0 -145.076 -1449.79 0 151.343 0 0 145.076 0 -43.0986 622.646 0 0 0 1 
-119.444 0 92.5437 526.237 0 151.1 0 0 -92.5437 0 -119.444 -49.7389 0 0 0 1 
-109.125 0 90.7198 1619.52 0 141.91 0 0 -90.7198 0 -109.125 -737.955 0 0 0 1 
87.1615 0 -131.91 1531.8 0 158.106 0 0 131.91 0 87.1615 989.423 0 0 0 1 
-137.051 0 37.02 1411.75 0 141.963 0 0 -37.02 0 -137.051 1207.83 0 0 0 1 
38.5642 0 -150.283 152.007 0 155.152 0 0 150.283 0 38.5642 1597.96 0 0 0 1 
-32.0723 0 -156.695 -838.959 0 159.944 0 0 156.695 0 -32.0723 655.93 0 0 0 1 
-72.3886 0 134.273 544.708 0 152.543 0 0 -134.273 0 -72.3886 -129.573 0 0 0 1 
45.1214 0 -137.479 958.199 0 144.694 0 0 137.479 0 45.1214 -1418.44 0 0 0 1 
-106.069 0 111.855 781.672 0 154.149 0 0 -111.855 0 -106.069 -104.723 0 0 0 1 
122.221 0 -100.196 -822.095 0 158.041 0 0 100.196 0 122.221 -1761.98 0 0 0 1 
145.023 0 23.107 1108.26 0 146.853 0 0 -23.107 0 145.023 1885.29 0 0 0 1 
73.9534 0 127.689 362.811 0 147.559 0 0 -127.689 0 73.9534 -817.665 0 0 0 1 
67.6538 0 -124.04 1890.06 0 141.29 0 0 124.04 0 67.6538 -466.083 0 0 0 1 
139.59 0 56.6009 1212.56 0 150.628 0 0 -56.6009 0 139.59 541.427 0 0 0 1 
-80.0626 0 -128.98 234.322 0 151.809 0 0 128.98 0 -80.0626 172.701 0 0 0 1 
121.713 0 -100.685 1551.1 0 157.96 0 0 100.685 0 121.713 -1715.53 0 0 0 1 
74.7949 0 126.85 1004.59 0 147.259 0 0 -126.85 0 74.7949 -1285.1 0 0 0 1 
104.867 0 -103.469 631.834 0 147.32 0 0 103.469 0 104.867 1192.21 0 0 0 1 
63.0523 0 140.27 704.749 0 153.789 0 0 -140.27 0 63.0523 1307.18 0 0 0 1 
136.629 0 49.0565 326.022 0 145.169 0 0 -49.0565 0 136.629 -1341.9 0 0 0 1 
-138.384 0 51.9179 -310.231 0 147.802 0 0 -51.9179 0 -138.384 965.605 0 0 0 1 
-58.6885 0 149.406 -1238.39 0 160.52 0 0 -149.406 0 -58.6885 121.456 0 0 0 1 
-30.1357 0 141.652 788.674 0 144.822 0 0 -141.652 0 -30.1357 235.813 0 0 0 1 
71.6154 0 -140.882 1598.2 0 158.039 0 0 140.882 0 71.6154 1630.43 0 0 0 1 
-79.324 0 118.718 211.766 0 142.781 0 0 -118.718 0 -79.324 -677.789 0 0 0 1 
-135.176 0 -61.3481 -1219.5 0 148.446 0 0 61.3481 0 -135.176 -517.267 0 0 0 1 
134.33 0 -52.9342 1310.3 0 144.384 0 0 52.9342 0 134.33 -1620.94 0 0 0 1 
92.7791 0 -112.056 -351.249 0 145.48 0 0 112.056 0 92.7791 4.04431 0 0 0 1 
94.1017 0 -106.759 1782.25 0 142.311 0 0 106.759 0 94.1017 565.054 0 0 0 1 
-126.013 0 -73.5673 1327.26 0 145.916 0 0 73.5673 0 -126.013 770.794 0 0 0 1 
-73.7494 0 -126.018 -646.813 0 146.012 0 0 126.018 0 -73.7494 151.07 0 0 0 1 
77.9129 0 119.494 1373.16 0 142.651 0 0 -119.494 0 77.9129 -1128.21 0 0 0 1 
135.151 0 -86.3331 -43.3047 0 160.372 0 0 86.3331 0 135.151 983.231 0 0 0 1 
-11.5324 0 -140.681 -1375.86 0 141.152 0 0 140.681 0 -11.5324 -50.6978 0 0 0 1 
42.4014 0 -146.618 -1729.56 0 152.626 0 0 146.618 0 42.4014 -605.288 0 0 0 1 
-97.6149 0 120.596 1103.19 0 155.152 0 0 -120.596 0 -97.6149 -870.487 0 0 0 1 
19.0078 0 -146.884 -303.58 0 148.108 0 0 146.884 0 19.0078 1444.84 0 0 0 1 
41.7387 0 154.222 1217.98 0 159.77 0 0 -154.222 0 41.7387 816.478 0 0 0 1 
107.478 0 -118.311 -958.148 0 159.841 0 0 118.311 0 107.478 373.542 0 0 0 1 
96.9774 0 -105.074 -48.2523 0 142.986 0 0 105.074 0 96.9774 -1086.05 0 0 0 1 
-156.179 0 -17.3505 -508.843 0 157.14 0 0 17.3505 0 -156.179 177.34 0 0 0 1 
135.503 0 66.1276 -528.783 0 150.777 0 0 -66.1276 0 135.503 -1.23572 0 0 0 1 
91.6715 0 113.004 -1715.06 0 145.511 0 0 -113.004 0 91.6715 1250.58 0 0 0 1 
28.9272 0 -138.977 -249.452 0 141.955 0 0 138.977 0 28.9272 -166.439 0 0 0 1 
46.1381 0 136.676 1135.01 0 144.254 0 0 -136.676 0 46.1381 -1534.8 0 0 0 1 
-140.047 0 43.9136 182.823 0 146.77 0 0 -43.9136 0 -140.047 705.274 0 0 0 1 
75.9887 0 135.242 -1082.49 0 155.128 0 0 -135.242 0 75.9887 -1289.94 0 0 0 1 
125.179 0 95.408 1353.28 0 157.393 0 0 -95.408 0 125.179 -1525 0 0 0 1 
-59.7969 0 127.598 -1313.2 0 140.914 0 0 -127.598 0 -59.7969 1553.68 0 0 0 1 
-153.908 0 -27.6791 -3.10657 0 156.377 0 0 27.6791 0 -153.908 1014.7 0 0 0 1 
130.901 0 -82.6123 1838.41 0 154.789 0 0 82.6123 0 130.901 -1598.57 0 0 0 1 
-81.8188 0 130.641 1102.05 0 154.147 0 0 -130.641 0 -81.8188 378.507 0 0 0 1 
114.592 0 -93.1291 1361.95 0 147.663 0 0 93.1291 0 114.592 376.638 0 0 0 1 
70.3504 0 -129.02 -777.302 0 146.954 0 0 129.02 0 70.3504 -932.916 0 0 0 1 
-109.638 0 108.356 697.237 0 154.148 0 0 -108.356 0 -109.638 962.386 0 0 0 1 
102.15 0 -103.274 -1037.27 0 145.259 0 0 103.274 0 102.15 -740.026 0 0 0 1 
-116.43 0 87.8024 653.334 0 145.826 0 0 -87.8024 0 -116.43 836.307 0 0 0 1 
-99.8578 0 116.164 -1564.79 0 153.185 0 0 -116.164 0 -99.8578 116.797 0 0 0 1 
-25.7777 0 -151.043 660.062 0 153.227 0 0 151.043 0 -25.7777 -112.584 0 0 0 1 
-133.337 0 -51.1496 1397.94 0 142.811 0 0 51.1496 0 -133.337 -1450.65 0 0 0 1 
-141.417 0 1.9273 -45.7556 0 141.43 0 0 -1.9273 0 -141.417 -1956.68 0 0 0 1 
29.5378 0 154.539 -1205.7 0 157.336 0 0 -154.539 0 29.5378 1188.55 0 0 0 1 
-148.653 0 -37.0062 -1151.5 0 153.19 0 0 37.0062 0 -148.653 -780.946 0 0 0 1 
-89.1121 0 -110.534 -1108.95 0 141.981 0 0 110.534 0 -89.1121 1173.16 0 0 0 1 
-15.6866 0 151.185 1386.36 0 151.996 0 0 -151.185 0 -15.6866 -1960.32 0 0 0 1 
143.327 0 -14.8577 -1349.78 0 144.095 0 0 14.8577 0 143.327 -1424.87 0 0 0 1 
118.842 0 -99.4116 1025.11 0 154.939 0 0 99.4116 0 118.842 -1567.66 0 0 0 1 
128.805 0 -79.9116 -559.103 0 151.581 0 0 79.9116 0 128.805 -1510.6 0 0 0 1 
80.6404 0 125.38 1124.74 0 149.074 0 0 -125.38 0 80.6404 1326.73 0 0 0 1 
-84.7407 0 128.477 -1035.83 0 153.907 0 0 -128.477 0 -84.7407 -305.988 0 0 0 1 
-75.5201 0 128.529 191.707 0 149.074 0 0 -128.529 0 -75.5201 363.966 0 0 0 1 
136.656 0 63.6158 -826.599 0 150.738 0 0 -63.6158 0 136.656 -616.155 0 0 0 1 
111.716 0 101.381 -420.302 0 150.859 0 0 -101.381 0 111.716 1022.68 0 0 0 1 
136.425 0 -36.6326 771.901 0 141.257 0 0 36.6326 0 136.425 812.931 0 0 0 1 
62.7413 0 131.079 -987.247 0 145.321 0 0 -131.079 0 62.7413 -373.771 0 0 0 1 
24.7013 0 143.532 920.65 0 145.642 0 0 -143.532 0 24.7013 1598.05 0 0 0 1 
44.4686 0 143.414 -215.91 0 150.15 0 0 -143.414 0 44.4686 899.947 0 0 0 1 
33.3726 0 -138.55 -1456.58 0 142.513 0 0 138.55 0 33.3726 1652.77 0 0 0 1 
36.1134 0 -139.675 480.059 0 144.268 0 0 139.675 0 36.1134 287.414 0 0 0 1 
-51.9947 0 138.742 -1083.29 0 148.165 0 0 -138.742 0 -51.9947 -818.525 0 0 0 1 
102.864 0 102.98 1399.99 0 145.553 0 0 -102.98 0 102.864 120.683 0 0 0 1 
-147.823 0 16.162 1485.56 0 148.704 0 0 -16.162 0 -147.823 1126.07 0 0 0 1 
-21.2289 0 155.343 -1322.37 0 156.787 0 0 -155.343 0 -21.2289 -228.151 0 0 0 1 
42.2834 0 -140.506 1776.81 0 146.731 0 0 140.506 0 42.2834 1024.77 0 0 0 1 
58.8727 0 -129.233 305.533 0 142.011 0 0 129.233 0 58.8727 -1088.42 0 0 0 1 
-148.8 0 49.7063 -159.51 0 156.883 0 0 -49.7063 0 -148.8 346.29 0 0 0 1 
101.891 0 -97.7982 -695.989 0 141.231 0 0 97.7982 0 101.891 1313.23 0 0 0 1 
136.044 0 -62.64 -1028.66 0 149.772 0 0 62.64 0 136.044 -1804.97 0 0 0 1 
-11.6683 0 152.705 718.735 0 153.15 0 0 -152.705 0 -11.6683 551.922 0 0 0 1 
54.7606 0 -137.404 653.348 0 147.914 0 0 137.404 0 54.7606 1958.1 0 0 0 1 
-115.211 0 91.516 1324.93 0 147.135 0 0 -91.516 0 -115.211 966.121 0 0 0 1 
-125.729 0 70.4288 1433.59 0 144.111 0 0 -70.4288 0 -125.729 888.328 0 0 0 1 
-90.9641 0 -114.509 -1438.19 0 146.242 0 0 114.509 0 -90.9641 531.039 0 0 0 1 
-46.1465 0 144.141 -799.727 0 151.348 0 0 -144.141 0 -46.1465 930.452 0 0 0 1 
-22.0583 0 154.983 1557.66 0 156.545 0 0 -154.983 0 -22.0583 -176.984 0 0 0 1 
-28.2248 0 -145.664 -459.658 0 148.373 0 0 145.664 0 -28.2248 -1651.39 0 0 0 1 
139.673 0 55.1353 -403.995 0 150.161 0 0 -55.1353 0 139.673 -1854.98 0 0 0 1 
-135.929 0 -55.296 921.359 0 146.746 0 0 55.296 0 -135.929 -1546.79 0 0 0 1 
50.8474 0 148.355 -1718.83 0 156.827 0 0 -148.355 0 50.8474 -1494.48 0 0 0 1 
-139.012 0 -44.1955 1178.33 0 145.868 0 0 44.1955 0 -139.012 476.447 0 0 0 1 
-53.0173 0 -150.937 -1840.73 0 159.977 0 0 150.937 0 -53.0173 1863.03 0 0 0 1 
19.8323 0 156.723 1728.63 0 157.973 0 0 -156.723 0 19.8323 460.034 0 0 0 1 
-69.4553 0 133.833 946.686 0 150.782 0 0 -133.833 0 -69.4553 1869.06 0 0 0 1 
116.057 0 -99.6363 873.386 0 152.96 0 0 99.6363 0 116.057 1580.13 0 0 0 1 
117.427 0 -87.6674 -665.997 0 146.542 0 0 87.6674 0 117.427 613.716 0 0 0 1 
141.608 0 -19.6319 -1249.86 0 142.962 0 0 19.6319 0 141.608 1206.33 0 0 0 1 
139.64 0 -72.3276 -1678.81 0 157.259 0 0 72.3276 0 139.64 510.672 0 0 0 1 
-157.092 0 -3.81392 1088.06 0 157.138 0 0 3.81392 0 -157.092 -856.733 0 0 0 1 
-26.0058 0 -147.89 1170.55 0 150.159 0 0 147.89 0 -26.0058 -556.917 0 0 0 1 
-111.237 0 -92.9547 -1535.93 0 144.963 0 0 92.9547 0 -111.237 -1891.36 0 0 0 1 
-155.147 0 -41.3682 1741.58 0 160.568 0 0 41.3682 0 -155.147 880.106 0 0 0 1 
130.039 0 53.9231 1284.84 0 140.776 0 0 -53.9231 0 130.039 -1794.75 0 0 0 1 
149.549 0 30.2314 861.403 0 152.574 0 0 -30.2314 0 149.549 1006.76 0 0 0 1 
134.37 0 -81.944 -1255.94 0 157.386 0 0 81.944 0 134.37 849.459 0 0 0 1 
-139.986 0 -42.9553 1989.45 0 146.429 0 0 42.9553 0 -139.986 -1151.54 0 0 0 1 
-74.0036 0 123.193 210.365 0 143.711 0 0 -123.193 0 -74.0036 -1379.77 0 0 0 1 
107.055 0 -119.209 1172.06 0 160.223 0 0 119.209 0 107.055 -50.1571 0 0 0 1 
-102.613 0 107.237 -1881.71 0 148.422 0 0 -107.237 0 -102.613 -761.316 0 0 0 1 
-83.7161 0 114.456 -1907.04 0 141.805 0 0 -114.456 0 -83.7161 -789.151 0 0 0 1 
-120.852 0 88.9702 464.032 0 150.07 0 0 -88.9702 0 -120.852 -1132.75 0 0 0 1 
-151.983 0 -17.9689 56.6833 0 153.041 0 0 17.9689 0 -151.983 600.609 0 0 0 1 
130.229 0 -83.2786 -898.92 0 154.579 0 0 83.2786 0 130.229 -285.749 0 0 0 1 
45.0649 0 152.796 -459.904 0 159.303 0 0 -152.796 0 45.0649 1992.75 0 0 0 1 
-5.84196 0 -159.289 1137.4 0 159.397 0 0 159.289 0 -5.84196 1876.6 0 0 0 1 
46.4566 0 143.443 19.7726 0 150.779 0 0 -143.443 0 46.4566 1626.58 0 0 0 1 
-131.46 0 85.9715 1144.78 0 157.076 0 0 -85.9715 0 -131.46 -1923.04 0 0 0 1 
154.821 0 -28.8831 -300.502 0 157.492 0 0 28.8831 0 154.821 699.127 0 0 0 1 
114.975 0 82.0015 561.807 0 141.221 0 0 -82.0015 0 114.975 -1535.94 0 0 0 1 
-105.913 0 -96.2037 -134.878 0 143.083 0 0 96.2037 0 -105.913 116.166 0 0 0 1 
110.241 0 91.8268 -1980.58 0 143.476 0 0 -91.8268 0 110.241 701.299 0 0 0 1 
-138.878 0 -72.4106 522.913 0 156.622 0 0 72.4106 0 -138.878 1902.05 0 0 0 1 
127.68 0 -89.4183 212.994 0 155.878 0 0 89.4183 0 127.68 -564.665 0 0 0 1 
-10.9787 0 -140.516 894.763 0 140.944 0 0 140.516 0 -10.9787 -1700.2 0 0 0 1 
-128.718 0 -93.8944 -1530.18 0 159.325 0 0 93.8944 0 -128.718 1322.29 0 0 0 1 
-146.679 0 -6.77513 -1870.49 0 146.835 0 0 6.77513 0 -146.679 -255.984 0 0 0 1 
142.552 0 -64.607 1535.75 0 156.509 0 0 64.607 0 142.552 -1391.45 0 0 0 1 
-138.431 0 68.89 392.821 0 154.626 0 0 -68.89 0 -138.431 103.849 0 0 0 1 
-78.9328 0 117.418 -436.351 0 141.483 0 0 -117.418 0 -78.9328 -1672.43 0 0 0 1 
-146.459 0 2.6898 -1838.47 0 146.483 0 0 -2.6898 0 -146.459 707.176 0 0 0 1 
15.7267 0 154.676 -918.299 0 155.474 0 0 -154.676 0 15.7267 1835.16 0 0 0 1 
-129.388 0 56.1751 148.495 0 141.056 0 0 -56.1751 0 -129.388 -422.98 0 0 0 1 
49.6984 0 145.591 297.549 0 153.84 0 0 -145.591 0 49.6984 -1090.34 0 0 0 1 
-34.6463 0 -156.618 1441.75 0 160.405 0 0 156.618 0 -34.6463 -506.401 0 0 0 1 
58.5559 0 -134.973 810.255 0 147.127 0 0 134.973 0 58.5559 1632.57 0 0 0 1 
-127.599 0 83.2536 -111.899 0 152.357 0 0 -83.2536 0 -127.599 -1437.39 0 0 0 1 
102.647 0 104.924 1185.82 0 146.784 0 0 -104.924 0 102.647 -985.752 0 0 0 1 
-65.2863 0 -131.183 -956.337 0 146.531 0 0 131.183 0 -65.2863 -506.625 0 0 0 1 
-125.822 0 92.8292 1907.19 0 156.36 0 0 -92.8292 0 -125.822 -1582.05 0 0 0 1 
33.5226 0 -143.587 403.658 0 147.448 0 0 143.587 0 33.5226 958.247 0 0 0 1 
-141.153 0 -54.3206 -1989.07 0 151.244 0 0 54.3206 0 -141.153 -1561.7 0 0 0 1 
113.316 0 -99.992 -1732.61 0 151.125 0 0 99.992 0 113.316 1477.49 0 0 0 1 
-56.8877 0 145.883 674.984 0 156.582 0 0 -145.883 0 -56.8877 1274.36 0 0 0 1 
113.234 0 105.878 -105.341 0 155.023 0 0 -105.878 0 113.234 -1409.55 0 0 0 1 
-132.915 0 60.0026 955.813 0 145.831 0 0 -60.0026 0 -132.915 1668.54 0 0 0 1 
41.759 0 -151.139 948.928 0 156.801 0 0 151.139 0 41.759 -249.254 0 0 0 1 
154.832 0 5.99374 -745.658 0 154.948 0 0 -5.99374 0 154.832 1064.86 0 0 0 1 
-135.979 0 -35.8585 -1774.05 0 140.628 0 0 35.8585 0 -135.979 1399.76 0 0 0 1 
49.0348 0 149.966 -1563.06 0 157.779 0 0 -149.966 0 49.0348 997.17 0 0 0 1 
-137.412 0 -55.784 -1813.11 0 148.304 0 0 55.784 0 -137.412 -1415.5 0 0 0 1 
-158.571 0 17.3331 842.279 0 159.516 0 0 -17.3331 0 -158.571 -162.587 0 0 0 1 
134.903 0 73.7532 1445.62 0 153.747 0 0 -73.7532 0 134.903 -149.64 0 0 0 1 
83.4672 0 119.51 -1239.56 0 145.772 0 0 -119.51 0 83.4672 1677.49 0 0 0 1 
-78.5416 0 -130.792 -1361.57 0 152.562 0 0 130.792 0 -78.5416 12.4877 0 0 0 1 
-108.039 0 102.388 1867.11 0 148.848 0 0 -102.388 0 -108.039 1853.25 0 0 0 1 
148.836 0 50.4687 1901.69 0 157.16 0 0 -50.4687 0 148.836 1280.81 0 0 0 1 
23.2994 0 -145.715 -1367.05 0 147.566 0 0 145.715 0 23.2994 -532.703 0 0 0 1 
50.1477 0 -140.693 -1006.92 0 149.363 0 0 140.693 0 50.1477 1338.35 0 0 0 1 
88.2656 0 -119.989 -1006.73 0 148.957 0 0 119.989 0 88.2656 1694.87 0 0 0 1 
134.922 0 62.1578 -874.276 0 148.551 0 0 -62.1578 0 134.922 1967.78 0 0 0 1 
56.2359 0 132.746 -998.167 0 144.167 0 0 -132.746 0 56.2359 1524.48 0 0 0 1 
135.562 0 -54.9413 -928.331 0 146.272 0 0 54.9413 0 135.562 -465.193 0 0 0 1 
131.968 0 49.3507 -1677.45 0 140.894 0 0 -49.3507 0 131.968 -1661.16 0 0 0 1 
-115.695 0 107.861 -281.606 0 158.175 0 0 -107.861 0 -115.695 -5.17578 0 0 0 1 
139.364 0 -36.5547 -1622.74 0 144.078 0 0 36.5547 0 139.364 -1088.21 0 0 0 1 
-103.57 0 99.4405 -641.319 0 143.58 0 0 -99.4405 0 -103.57 -268.581 0 0 0 1 
-93.5707 0 -128.421 1361.46 0 158.895 0 0 128.421 0 -93.5707 923.008 0 0 0 1 
-12.4026 0 -158.983 -1042.85 0 159.467 0 0 158.983 0 -12.4026 42.4412 0 0 0 1 
153.03 0 20.2906 -1618.94 0 154.369 0 0 -20.2906 0 153.03 -1049.11 0 0 0 1 
-84.5084 0 121.572 1118.15 0 148.058 0 0 -121.572 0 -84.5084 -629.666 0 0 0 1 
-143.875 0 -30.9864 -1877.5 0 147.174 0 0 30.9864 0 -143.875 1586.47 0 0 0 1 
-28.9638 0 -153.521 -1212.62 0 156.229 0 0 153.521 0 -28.9638 -191.003 0 0 0 1 
101.816 0 97.9826 974.919 0 141.305 0 0 -97.9826 0 101.816 -1537.74 0 0 0 1 
121.341 0 94.1269 1004.68 0 153.57 0 0 -94.1269 0 121.341 1008.44 0 0 0 1 
73.8346 0 -127.351 1378.79 0 147.206 0 0 127.351 0 73.8346 -294.469 0 0 0 1 
-97.9269 0 125.863 -571.205 0 159.472 0 0 -125.863 0 -97.9269 -1527.02 0 0 0 1 
36.8263 0 138.628 -802.294 0 143.436 0 0 -138.628 0 36.8263 -432.721 0 0 0 1 
-103.707 0 95.1039 -121.52 0 140.712 0 0 -95.1039 0 -103.707 627.411 0 0 0 1 
-157.57 0 15.9239 -685.946 0 158.373 0 0 -15.9239 0 -157.57 1444.86 0 0 0 1 
-142.747 0 68.8722 704.339 0 158.493 0 0 -68.8722 0 -142.747 -1791.38 0 0 0 1 
71.7631 0 -121.844 -792.785 0 141.407 0 0 121.844 0 71.7631 536.953 0 0 0 1 
106.593 0 -98.5562 -1372.83 0 145.173 0 0 98.5562 0 106.593 726.064 0 0 0 1 
148.033 0 -54.3964 -868.365 0 157.711 0 0 54.3964 0 148.033 1568.3 0 0 0 1 
-155.176 0 -15.2802 -773.554 0 155.927 0 0 15.2802 0 -155.176 -783.319 0 0 0 1 
152.254 0 31.1759 -248.347 0 155.413 0 0 -31.1759 0 152.254 867.508 0 0 0 1 
-108.258 0 -91.2322 -964.057 0 141.574 0 0 91.2322 0 -108.258 -1423.19 0 0 0 1 
137.665 0 -41.4837 -138.498 0 143.78 0 0 41.4837 0 137.665 -1052.7 0 0 0 1 
89.5458 0 -129.538 -1844.63 0 157.476 0 0 129.538 0 89.5458 -1490.34 0 0 0 1 
61.9907 0 -140.288 -788.389 0 153.374 0 0 140.288 0 61.9907 -963.43 0 0 0 1 
151.993 0 12.7878 1370.85 0 152.53 0 0 -12.7878 0 151.993 1124.4 0 0 0 1 
153.034 0 -20.4926 -212.176 0 154.4 0 0 20.4926 0 153.034 -1714.55 0 0 0 1 
129.1 0 -62.6859 -267.041 0 143.514 0 0 62.6859 0 129.1 1128.75 0 0 0 1 
125.063 0 66.518 1059.43 0 141.653 0 0 -66.518 0 125.063 -366.198 0 0 0 1 
74.5258 0 -140.197 -60.6119 0 158.775 0 0 140.197 0 74.5258 64.4163 0 0 0 1 
-97.7539 0 101.763 1016.38 0 141.108 0 0 -101.763 0 -97.7539 -1609.9 0 0 0 1 
8.42653 0 -146.15 518.649 0 146.393 0 0 146.15 0 8.42653 1105.33 0 0 0 1 
142.697 0 39.6255 -1893.79 0 148.097 0 0 -39.6255 0 142.697 -1948.79 0 0 0 1 
60.265 0 -138.222 -9.25708 0 150.789 0 0 138.222 0 60.265 1316.92 0 0 0 1 
-8.73297 0 -144.031 -494.124 0 144.296 0 0 144.031 0 -8.73297 280.03 0 0 0 1 
-13.1526 0 -146.012 833.681 0 146.603 0 0 146.012 0 -13.1526 -1326.76 0 0 0 1 
134.547 0 49.2692 688.421 0 143.284 0 0 -49.2692 0 134.547 -859.506 0 0 0 1 
7.66264 0 -153.418 -1368.58 0 153.61 0 0 153.418 0 7.66264 1620.94 0 0 0 1 
149.333 0 22.6274 -1672.2 0 151.037 0 0 -22.6274 0 149.333 1273.94 0 0 0 1 
57.6727 0 -129.33 1029.91 0 141.606 0 0 129.33 0 57.6727 -112.68 0 0 0 1 
71.8472 0 -128.929 -827.19 0 147.597 0 0 128.929 0 71.8472 1460.13 0 0 0 1 
79.7764 0 117.449 -1051.33 0 141.981 0 0 -117.449 0 79.7764 -92.0687 0 0 0 1 
-79.2448 0 -128.723 -509.462 0 151.16 0 0 128.723 0 -79.2448 949.207 0 0 0 1 
149.958 0 -32.8704 -314.096 0 153.519 0 0 32.8704 0 149.958 -184.858 0 0 0 1 
45.727 0 140.106 501.381 0 147.38 0 0 -140.106 0 45.727 1336.73 0 0 0 1 
-131.805 0 -54.0937 651.383 0 142.473 0 0 54.0937 0 -131.805 799.271 0 0 0 1 
33.6772 0 143.589 -1327.2 0 147.486 0 0 -143.589 0 33.6772 -194.759 0 0 0 1 
-144.894 0 -13.7255 -1181.91 0 145.543 0 0 13.7255 0 -144.894 -1241.76 0 0 0 1 
-79.579 0 -123.356 -702.359 0 146.798 0 0 123.356 0 -79.579 -1528.9 0 0 0 1 
103.412 0 106.984 777.888 0 148.794 0 0 -106.984 0 103.412 214.328 0 0 0 1 
-129.122 0 60.3321 -1044.84 0 142.522 0 0 -60.3321 0 -129.122 899.19 0 0 0 1 
148.914 0 17.7324 103.251 0 149.966 0 0 -17.7324 0 148.914 -940.976 0 0 0 1 
-57.1208 0 -137.533 -1436.82 0 148.923 0 0 137.533 0 -57.1208 -885.267 0 0 0 1 
40.8776 0 147.165 -3.98535 0 152.736 0 0 -147.165 0 40.8776 -1392.73 0 0 0 1 
128.359 0 -80.5732 1980.15 0 151.552 0 0 80.5732 0 128.359 -814.556 0 0 0 1 
94.4377 0 109.074 888.457 0 144.276 0 0 -109.074 0 94.4377 392.168 0 0 0 1 
-68.052 0 -127.901 711.318 0 144.878 0 0 127.901 0 -68.052 756.125 0 0 0 1 
-142.474 0 -12.9408 -138.437 0 143.061 0 0 12.9408 0 -142.474 428.583 0 0 0 1 
135.792 0 63.3757 1609.68 0 149.853 0 0 -63.3757 0 135.792 860.426 0 0 0 1 
12.1342 0 153.316 -1281.56 0 153.795 0 0 -153.316 0 12.1342 1467.33 0 0 0 1 
131.659 0 69.1453 1747.55 0 148.712 0 0 -69.1453 0 131.659 -389.368 0 0 0 1 
-115.101 0 -84.4314 1794.87 0 142.747 0 0 84.4314 0 -115.101 1264.62 0 0 0 1 
30.9936 0 143.899 -1824.32 0 147.199 0 0 -143.899 0 30.9936 57.8828 0 0 0 1 
60.8515 0 -132.208 1807.05 0 145.54 0 0 132.208 0 60.8515 -98.7222 0 0 0 1 
-121.607 0 74.8326 -456.462 0 142.788 0 0 -74.8326 0 -121.607 289.162 0 0 0 1 
135.274 0 86.1033 -566.13 0 160.352 0 0 -86.1033 0 135.274 -1153.71 0 0 0 1 
103.654 0 -118.019 -40.061 0 157.075 0 0 118.019 0 103.654 482.034 0 0 0 1 
-75.9529 0 -139.243 -1072.13 0 158.611 0 0 139.243 0 -75.9529 -500.831 0 0 0 1 
101.933 0 116.768 -1081.29 0 155 0 0 -116.768 0 101.933 1447.68 0 0 0 1 
143.086 0 59.6605 -880.189 0 155.026 0 0 -59.6605 0 143.086 376.329 0 0 0 1 
-139.82 0 24.9527 -673.052 0 142.029 0 0 -24.9527 0 -139.82 1496.67 0 0 0 1 
-159.981 0 -7.35241 1613.81 0 160.15 0 0 7.35241 0 -159.981 1476.13 0 0 0 1 
-143.725 0 4.73406 -1031.55 0 143.803 0 0 -4.73406 0 -143.725 602.116 0 0 0 1 
-141.195 0 -44.852 1636.67 0 148.148 0 0 44.852 0 -141.195 -1169.47 0 0 0 1 
150.859 0 -27.7225 1599.45 0 153.385 0 0 27.7225 0 150.859 -880.132 0 0 0 1 
111.811 0 96.8832 632.069 0 147.946 0 0 -96.8832 0 111.811 -434.731 0 0 0 1 
-91.1956 0 119.38 -1522.59 0 150.227 0 0 -119.38 0 -91.1956 966.131 0 0 0 1 
-133.453 0 -50.9649 1789.94 0 142.853 0 0 50.9649 0 -133.453 -106.302 0 0 0 1 
-149.257 0 57.8521 -1565.66 0 160.076 0 0 -57.8521 0 -149.257 936.67 0 0 0 1 
34.6935 0 -139.841 1922.72 0 144.08 0 0 139.841 0 34.6935 539.683 0 0 0 1 
-140.448 0 27.4086 1983.53 0 143.097 0 0 -27.4086 0 -140.448 676.128 0 0 0 1 
54.8627 0 137.907 -1959.77 0 148.42 0 0 -137.907 0 54.8627 -141.276 0 0 0 1 
93.5643 0 -105.987 416.108 0 141.377 0 0 105.987 0 93.5643 53.7261 0 0 0 1 
141.181 0 73.8518 -1942.35 0 159.33 0 0 -73.8518 0 141.181 1104.74 0 0 0 1 
122.439 0 83.7827 -53.3643 0 148.361 0 0 -83.7827 0 122.439 -672.254 0 0 0 1 
103.01 0 105.689 612.032 0 147.585 0 0 -105.689 0 103.01 -426.014 0 0 0 1 
70.4452 0 -143.344 -1342.43 0 159.719 0 0 143.344 0 70.4452 -329.506 0 0 0 1 
112.099 0 102.524 -215.87 0 151.913 0 0 -102.524 0 112.099 1423.21 0 0 0 1 
86.5173 0 -134.939 -1276.69 0 160.293 0 0 134.939 0 86.5173 -1100.79 0 0 0 1 
45.7343 0 136.439 1228.53 0 143.9 0 0 -136.439 0 45.7343 1658.06 0 0 0 1 
-62.4827 0 -134.877 363.203 0 148.647 0 0 134.877 0 -62.4827 -348.198 0 0 0 1 
34.0341 0 149.852 1133.21 0 153.669 0 0 -149.852 0 34.0341 1759.45 0 0 0 1 
-20.2074 0 -156.845 1922.37 0 158.142 0 0 156.845 0 -20.2074 887.546 0 0 0 1 
-147.373 0 62.5233 -1123.82 0 160.087 0 0 -62.5233 0 -147.373 -1951.9 0 0 0 1 
-121.923 0 89.0417 486.867 0 150.975 0 0 -89.0417 0 -121.923 1962.76 0 0 0 1 
83.562 0 -136.46 395.948 0 160.012 0 0 136.46 0 83.562 -34.858 0 0 0 1 
25.5441 0 -140.634 -1039.21 0 142.935 0 0 140.634 0 25.5441 1260.55 0 0 0 1 
-110.209 0 -98.6663 1117.42 0 147.922 0 0 98.6663 0 -110.209 -900.436 0 0 0 1 
-111.151 0 -96.7765 1040.41 0 147.378 0 0 96.7765 0 -111.151 -395.889 0 0 0 1 
98.4036 0 124.463 -708.164 0 158.665 0 0 -124.463 0 98.4036 1326.24 0 0 0 1 
-142.786 0 -28.881 -642.05 0 145.678 0 0 28.881 0 -142.786 -105.802 0 0 0 1 
-151.653 0 44.0976 1952.98 0 157.934 0 0 -44.0976 0 -151.653 -1936.25 0 0 0 1 
-139.595 0 35.5149 -1901.17 0 144.042 0 0 -35.5149 0 -139.595 1589.04 0 0 0 1 
40.6724 0 136.588 -1849.46 0 142.515 0 0 -136.588 0 40.6724 1066.74 0 0 0 1 
-110.568 0 101.766 -1318.27 0 150.272 0 0 -101.766 0 -110.568 1106.45 0 0 0 1 
149.895 0 0.643687 1502.16 0 149.897 0 0 -0.643687 0 149.895 315.686 0 0 0 1 
111.729 0 -114.945 -72.2334 0 160.299 0 0 114.945 0 111.729 -999.351 0 0 0 1 
26.1693 0 -152.118 -588.493 0 154.352 0 0 152.118 0 26.1693 -47.375 0 0 0 1 
24.3292 0 150.651 870.129 0 152.603 0 0 -150.651 0 24.3292 534.184 0 0 0 1 
137.188 0 72.4527 1038.54 0 155.145 0 0 -72.4527 0 137.188 237.374 0 0 0 1 
-115.308 0 -82.3626 1963.67 0 141.702 0 0 82.3626 0 -115.308 297.698 0 0 0 1 
123.322 0 -82.8404 -308.213 0 148.562 0 0 82.8404 0 123.322 -1918.64 0 0 0 1 
46.9063 0 -150.723 -346.972 0 157.854 0 0 150.723 0 46.9063 881.222 0 0 0 1 
108.394 0 98.7473 -11.3215 0 146.63 0 0 -98.7473 0 108.394 -1446.57 0 0 0 1 
139.34 0 -18.1068 290.454 0 140.511 0 0 18.1068 0 139.34 -602.207 0 0 0 1 
149.998 0 3.06008 1994.34 0 150.029 0 0 -3.06008 0 149.998 -532.85 0 0 0 1 
-63.6423 0 -144.785 -1116.42 0 158.155 0 0 144.785 0 -63.6423 1620.64 0 0 0 1 
135.012 0 75.1584 -1570.62 0 154.522 0 0 -75.1584 0 135.012 1043.5 0 0 0 1 
-109.271 0 96.4131 1729.01 0 145.725 0 0 -96.4131 0 -109.271 -964.617 0 0 0 1 
-37.8824 0 -150.673 -492.604 0 155.362 0 0 150.673 0 -37.8824 -1777.83 0 0 0 1 
-51.6054 0 -141.01 -754.016 0 150.157 0 0 141.01 0 -51.6054 -1957.88 0 0 0 1 
115.839 0 107.643 1223.7 0 158.132 0 0 -107.643 0 115.839 -1463.44 0 0 0 1 
59.6446 0 -143.102 -1309.37 0 155.034 0 0 143.102 0 59.6446 -1600.23 0 0 0 1 
7.36011 0 157.462 1075.68 0 157.634 0 0 -157.462 0 7.36011 -1481.91 0 0 0 1 
-132.796 0 -48.9591 -1620.44 0 141.534 0 0 48.9591 0 -132.796 -962.055 0 0 0 1 
32.4747 0 145.951 -1976.77 0 149.52 0 0 -145.951 0 32.4747 132.914 0 0 0 1 
-32.0373 0 142.84 -1896.05 0 146.389 0 0 -142.84 0 -32.0373 1188.48 0 0 0 1 
-109.209 0 -105.106 378.965 0 151.571 0 0 105.106 0 -109.209 660.585 0 0 0 1 
59.0628 0 135.177 -847.185 0 147.517 0 0 -135.177 0 59.0628 1767.7 0 0 0 1 
-82.056 0 -135.837 511.043 0 158.697 0 0 135.837 0 -82.056 328.513 0 0 0 1 
126.725 0 93.6549 -1631.04 0 157.577 0 0 -93.6549 0 126.725 247.757 0 0 0 1 
-22.3616 0 -155.147 -263.135 0 156.75 0 0 155.147 0 -22.3616 -1194.69 0 0 0 1 
-57.8906 0 -138.635 -203.168 0 150.236 0 0 138.635 0 -57.8906 1299.61 0 0 0 1 
-143.643 0 37.0263 1033.3 0 148.338 0 0 -37.0263 0 -143.643 361.065 0 0 0 1 
-51.6075 0 -138.387 -1134.3 0 147.697 0 0 138.387 0 -51.6075 1311.39 0 0 0 1 
79.3723 0 -128.904 518.101 0 151.381 0 0 128.904 0 79.3723 -1222.7 0 0 0 1 
97.1514 0 -113.698 1755.83 0 149.551 0 0 113.698 0 97.1514 1380.66 0 0 0 1 
-124.011 0 81.9759 1621.11 0 148.656 0 0 -81.9759 0 -124.011 733.939 0 0 0 1 
-102.234 0 -106.862 1085.21 0 147.889 0 0 106.862 0 -102.234 1612.69 0 0 0 1 
104.291 0 98.2062 737.325 0 143.252 0 0 -98.2062 0 104.291 1822.97 0 0 0 1 
-82.2915 0 137.087 442.799 0 159.889 0 0 -137.087 0 -82.2915 -1511.89 0 0 0 1 
146.248 0 -41.4305 1788.97 0 152.003 0 0 41.4305 0 146.248 -1104.68 0 0 0 1 
154.581 0 11.5403 688.553 0 155.011 0 0 -11.5403 0 154.581 -1613.1 0 0 0 1 
-31.6593 0 -151.903 1362.91 0 155.167 0 0 151.903 0 -31.6593 -873.234 0 0 0 1 
-119.6 0 87.4282 428.186 0 148.148 0 0 -87.4282 0 -119.6 597.666 0 0 0 1 
119.578 0 85.5434 -956.748 0 147.026 0 0 -85.5434 0 119.578 -922.473 0 0 0 1 
137.876 0 -32.9833 105.611 0 141.766 0 0 32.9833 0 137.876 621.039 0 0 0 1 
-72.5352 0 130.795 -10.8505 0 149.562 0 0 -130.795 0 -72.5352 -1809.72 0 0 0 1 
89.2067 0 132.599 -1744.94 0 159.814 0 0 -132.599 0 89.2067 1742.78 0 0 0 1 
-71.7529 0 -122.347 -156.542 0 141.835 0 0 122.347 0 -71.7529 1838.06 0 0 0 1 
-131.185 0 -91.1256 201.51 0 159.729 0 0 91.1256 0 -131.185 -1044.24 0 0 0 1 
-148.451 0 18.081 1030.48 0 149.548 0 0 -18.081 0 -148.451 -833.148 0 0 0 1 
138.717 0 -28.335 -1355.39 0 141.581 0 0 28.335 0 138.717 1209.55 0 0 0 1 
-141.368 0 -74.4635 687.864 0 159.78 0 0 74.4635 0 -141.368 -977.936 0 0 0 1 
-112.623 0 -106.325 -1794.09 0 154.884 0 0 106.325 0 -112.623 1242.78 0 0 0 1 
-129.456 0 68.8201 -61.6736 0 146.612 0 0 -68.8201 0 -129.456 -800.761 0 0 0 1 
-39.9507 0 148.728 -1720.72 0 154 0 0 -148.728 0 -39.9507 -1730.07 0 0 0 1 
-78.785 0 136.249 34.4722 0 157.387 0 0 -136.249 0 -78.785 -463.133 0 0 0 1 
53.9849 0 137.093 -1416.16 0 147.34 0 0 -137.093 0 53.9849 -1752 0 0 0 1 
-125.089 0 83.8655 -474.314 0 150.601 0 0 -83.8655 0 -125.089 744.791 0 0 0 1 
145.096 0 -21.7104 -1035.72 0 146.712 0 0 21.7104 0 145.096 1094.78 0 0 0 1 
-152.487 0 49.0691 220.532 0 160.187 0 0 -49.0691 0 -152.487 1665.69 0 0 0 1 
157.817 0 0.4983 -1069.2 0 157.818 0 0 -0.4983 0 157.817 927.886 0 0 0 1 
148.925 0 -18.0164 -1039.93 0 150.011 0 0 18.0164 0 148.925 599.235 0 0 0 1 
-46.0736 0 138.852 -257.47 0 146.296 0 0 -138.852 0 -46.0736 -17.7092 0 0 0 1 
-143.055 0 -50.2957 -104.738 0 151.639 0 0 50.2957 0 -143.055 -79.2119 0 0 0 1 
-136.567 0 -40.5608 -1471.18 0 142.463 0 0 40.5608 0 -136.567 -1080.99 0 0 0 1 
-129.252 0 80.9588 250.361 0 152.513 0 0 -80.9588 0 -129.252 1371.17 0 0 0 1 
132.57 0 65.8881 1897.97 0 148.041 0 0 -65.8881 0 132.57 -874.584 0 0 0 1 
-138.691 0 -65.5085 -1940.48 0 153.384 0 0 65.5085 0 -138.691 1709.64 0 0 0 1 
69.226 0 -124.968 -226.266 0 142.861 0 0 124.968 0 69.226 73.1702 0 0 0 1 
-144.5 0 -14.1455 -718.891 0 145.191 0 0 14.1455 0 -144.5 1462.53 0 0 0 1 
148.288 0 -2.42876 974.104 0 148.308 0 0 2.42876 0 148.288 1782.65 0 0 0 1 
56.6696 0 -140.914 1491.96 0 151.882 0 0 140.914 0 56.6696 -1927.44 0 0 0 1 
116.041 0 -98.5951 -1756.72 0 152.271 0 0 98.5951 0 116.041 1790.94 0 0 0 1 
-100.38 0 -99.1065 752.84 0 141.061 0 0 99.1065 0 -100.38 556.361 0 0 0 1 
95.1821 0 107.302 1302.25 0 143.434 0 0 -107.302 0 95.1821 -456.379 0 0 0 1 
97.7072 0 -125.034 -92.6893 0 158.682 0 0 125.034 0 97.7072 1480.84 0 0 0 1 
131.315 0 -50.276 871.838 0 140.61 0 0 50.276 0 131.315 20.5543 0 0 0 1 
-14.9809 0 154.46 478.104 0 155.185 0 0 -154.46 0 -14.9809 -1779.52 0 0 0 1 
69.4231 0 130.91 -1771.37 0 148.179 0 0 -130.91 0 69.4231 -1849.2 0 0 0 1 
115.956 0 -98.6757 1910.38 0 152.258 0 0 98.6757 0 115.956 734.955 0 0 0 1 
155.682 0 32.7794 -361.235 0 159.095 0 0 -32.7794 0 155.682 -1395.06 0 0 0 1 
157.41 0 24.5448 715.22 0 159.312 0 0 -24.5448 0 157.41 -1439.33 0 0 0 1 
-87.4757 0 -124.737 -1156.74 0 152.353 0 0 124.737 0 -87.4757 1060.31 0 0 0 1 
-112.146 0 107.24 852.678 0 155.169 0 0 -107.24 0 -112.146 -1679.21 0 0 0 1 
54.6347 0 145.438 1059.33 0 155.362 0 0 -145.438 0 54.6347 -1580.43 0 0 0 1 
24.7192 0 -141.882 1413.11 0 144.019 0 0 141.882 0 24.7192 -1832.16 0 0 0 1 
-159.294 0 18.9061 -1323.48 0 160.412 0 0 -18.9061 0 -159.294 -1408.21 0 0 0 1 
151.804 0 -10.9852 -0.154053 0 152.201 0 0 10.9852 0 151.804 -685.727 0 0 0 1 
18.6018 0 -150.629 21.1277 0 151.774 0 0 150.629 0 18.6018 -1452.51 0 0 0 1 
154.951 0 -30.9251 -350.178 0 158.007 0 0 30.9251 0 154.951 398.369 0 0 0 1 
-154.493 0 -42.6376 -1144.54 0 160.269 0 0 42.6376 0 -154.493 1691.03 0 0 0 1 
-133.786 0 -85.222 837.592 0 158.624 0 0 85.222 0 -133.786 -1527.15 0 0 0 1 
-110.268 0 -99.3079 216.271 0 148.395 0 0 99.3079 0 -110.268 271.982 0 0 0 1 
-155.263 0 6.0718 -405.119 0 155.382 0 0 -6.0718 0 -155.263 -506.908 0 0 0 1 
127.856 0 -59.146 -1658.44 0 140.874 0 0 59.146 0 127.856 -1547.38 0 0 0 1 
82.2676 0 131.494 486.27 0 155.109 0 0 -131.494 0 82.2676 -861.135 0 0 0 1 
-143.16 0 71.9891 -331.651 0 160.241 0 0 -71.9891 0 -143.16 670.572 0 0 0 1 
13.8225 0 -145.142 779.834 0 145.799 0 0 145.142 0 13.8225 266.109 0 0 0 1 
-152.045 0 -15.3947 -461.238 0 152.822 0 0 15.3947 0 -152.045 1562.79 0 0 0 1 
150.525 0 31.6629 183.244 0 153.819 0 0 -31.6629 0 150.525 960.593 0 0 0 1 
62.5734 0 -136.864 1223.51 0 150.49 0 0 136.864 0 62.5734 -1421.78 0 0 0 1 
107.286 0 -102.525 1947.07 0 148.397 0 0 102.525 0 107.286 -356.604 0 0 0 1 
-80.6905 0 124.251 1853.99 0 148.153 0 0 -124.251 0 -80.6905 -507.02 0 0 0 1 
153.587 0 0.737465 1277.59 0 153.589 0 0 -0.737465 0 153.587 -1392.32 0 0 0 1 
-142.924 0 -12.0711 244.397 0 143.433 0 0 12.0711 0 -142.924 -177.873 0 0 0 1 
-36.9054 0 156.091 1685.82 0 160.394 0 0 -156.091 0 -36.9054 1935.83 0 0 0 1 
-64.7813 0 -131.616 -1038.37 0 146.695 0 0 131.616 0 -64.7813 -1818.32 0 0 0 1 
-33.5103 0 -145.657 -319.797 0 149.463 0 0 145.657 0 -33.5103 -1508.21 0 0 0 1 
149.254 0 32.0866 1831.03 0 152.664 0 0 -32.0866 0 149.254 -137.474 0 0 0 1 
131.056 0 53.2587 741.281 0 141.464 0 0 -53.2587 0 131.056 -1068.08 0 0 0 1 
-78.3659 0 139.111 -1072.65 0 159.665 0 0 -139.111 0 -78.3659 -875.262 0 0 0 1 
-12.6368 0 -153.389 1381.47 0 153.909 0 0 153.389 0 -12.6368 48.8833 0 0 0 1 
117.344 0 -87.8462 480.642 0 146.583 0 0 87.8462 0 117.344 -1760.83 0 0 0 1 
-134.882 0 59.8508 1709.07 0 147.564 0 0 -59.8508 0 -134.882 987.31 0 0 0 1 
149.284 0 43.0393 -1187.47 0 155.365 0 0 -43.0393 0 149.284 1338.62 0 0 0 1 
-126.541 0 97.2246 867.194 0 159.579 0 0 -97.2246 0 -126.541 704.772 0 0 0 1 
-140.132 0 68.561 -724.581 0 156.006 0 0 -68.561 0 -140.132 648.568 0 0 0 1 
140.989 0 -59.8432 -1307.6 0 153.164 0 0 59.8432 0 140.989 1430.92 0 0 0 1 
-103.31 0 116.583 -1140.71 0 155.771 0 0 -116.583 0 -103.31 -895.976 0 0 0 1 
-62.4571 0 127.756 398.009 0 142.206 0 0 -127.756 0 -62.4571 -1150.15 0 0 0 1 
-34.9747 0 -144.557 1598.9 0 148.728 0 0 144.557 0 -34.9747 1805.96 0 0 0 1 
114.713 0 -103.149 1699.8 0 154.268 0 0 103.149 0 114.713 -1032.45 0 0 0 1 
148.174 0 49.6012 1767.09 0 156.256 0 0 -49.6012 0 148.174 530.873 0 0 0 1 
-117.228 0 -89.1365 720.539 0 147.267 0 0 89.1365 0 -117.228 -1063.16 0 0 0 1 
-68.8382 0 137.548 1251.25 0 153.812 0 0 -137.548 0 -68.8382 835.986 0 0 0 1 
-20.1912 0 147.451 325.852 0 148.827 0 0 -147.451 0 -20.1912 398.706 0 0 0 1 
-32.6797 0 -142.662 -124.86 0 146.357 0 0 142.662 0 -32.6797 1718.02 0 0 0 1 
79.2532 0 134.426 -412.158 0 156.049 0 0 -134.426 0 79.2532 -626.741 0 0 0 1 
-151.01 0 39.3989 1872.45 0 156.065 0 0 -39.3989 0 -151.01 1602.46 0 0 0 1 
-114.191 0 -96.8393 -473.626 0 149.724 0 0 96.8393 0 -114.191 1207.37 0 0 0 1 
41.5799 0 143.588 -1235.32 0 149.487 0 0 -143.588 0 41.5799 -1004.52 0 0 0 1 
-143.8 0 -64.1004 1506.12 0 157.439 0 0 64.1004 0 -143.8 1069.51 0 0 0 1 
-145.048 0 -31.8566 -1585.93 0 148.505 0 0 31.8566 0 -145.048 1859.17 0 0 0 1 
-15.9282 0 -147.804 -1791.12 0 148.66 0 0 147.804 0 -15.9282 -289.218 0 0 0 1 
126.101 0 74.3716 -714.597 0 146.399 0 0 -74.3716 0 126.101 -239.865 0 0 0 1 
147.962 0 42.0716 -706.097 0 153.827 0 0 -42.0716 0 147.962 -1415.93 0 0 0 1 
129.736 0 -77.5025 -546.997 0 151.122 0 0 77.5025 0 129.736 -1756.89 0 0 0 1 
134.215 0 81.3295 734.591 0 156.934 0 0 -81.3295 0 134.215 1467.52 0 0 0 1 
-47.9711 0 -135.629 -1747.46 0 143.863 0 0 135.629 0 -47.9711 1065.66 0 0 0 1 
-120.987 0 -90.2468 32.4082 0 150.938 0 0 90.2468 0 -120.987 792.739 0 0 0 1 
136.391 0 48.9795 724.417 0 144.918 0 0 -48.9795 0 136.391 -646.087 0 0 0 1 
155.967 0 33.3103 -1661.66 0 159.484 0 0 -33.3103 0 155.967 1799.29 0 0 0 1 
-59.328 0 -146.523 1658.32 0 158.079 0 0 146.523 0 -59.328 1769.96 0 0 0 1 
-43.4043 0 -140.994 -1212.95 0 147.523 0 0 140.994 0 -43.4043 -456.696 0 0 0 1 
-157.425 0 -25.4643 156.154 0 159.471 0 0 25.4643 0 -157.425 370.469 0 0 0 1 
100.842 0 98.8984 444.331 0 141.245 0 0 -98.8984 0 100.842 -1252.32 0 0 0 1 
-12.3061 0 -155.297 1278 0 155.784 0 0 155.297 0 -12.3061 856.425 0 0 0 1 
19.7584 0 153.759 -690.82 0 155.023 0 0 -153.759 0 19.7584 -809.965 0 0 0 1 
-69.7085 0 -123.124 -1230.2 0 141.488 0 0 123.124 0 -69.7085 1716.23 0 0 0 1 
143.834 0 27.8874 1335.67 0 146.513 0 0 -27.8874 0 143.834 1690.74 0 0 0 1 
-148.048 0 24.7481 -53.5555 0 150.102 0 0 -24.7481 0 -148.048 1666.99 0 0 0 1 
149.218 0 -29.407 -283.781 0 152.088 0 0 29.407 0 149.218 -997.5 0 0 0 1 
42.3473 0 152.954 251.414 0 158.708 0 0 -152.954 0 42.3473 -1766.11 0 0 0 1 
119.774 0 106.257 -1935.57 0 160.114 0 0 -106.257 0 119.774 810.406 0 0 0 1 
-136.447 0 81.7816 817.792 0 159.079 0 0 -81.7816 0 -136.447 -327.947 0 0 0 1 
-147.268 0 3.50631 725.496 0 147.31 0 0 -3.50631 0 -147.268 1778.71 0 0 0 1 
-111.415 0 -87.3364 -1614.21 0 141.566 0 0 87.3364 0 -111.415 -936.075 0 0 0 1 
-125.465 0 -66.5997 -1318.68 0 142.045 0 0 66.5997 0 -125.465 304.55 0 0 0 1 
-149.743 0 21.7499 1921.54 0 151.314 0 0 -21.7499 0 -149.743 -911.702 0 0 0 1 
-106.118 0 97.0188 -328.145 0 143.783 0 0 -97.0188 0 -106.118 -343.735 0 0 0 1 
141.316 0 70.9601 -81.3239 0 158.132 0 0 -70.9601 0 141.316 -1586.82 0 0 0 1 
142.121 0 -34.3883 -365.136 0 146.222 0 0 34.3883 0 142.121 1115.62 0 0 0 1 
17.4547 0 141.034 1123.53 0 142.11 0 0 -141.034 0 17.4547 33.7129 0 0 0 1 
30.2254 0 -140.94 -480.689 0 144.145 0 0 140.94 0 30.2254 -851.46 0 0 0 1 
73.1063 0 128.657 1352.61 0 147.977 0 0 -128.657 0 73.1063 -1473.02 0 0 0 1 
150.868 0 -25.1565 1889.39 0 152.951 0 0 25.1565 0 150.868 449.607 0 0 0 1 
28.1303 0 140.036 -87.6595 0 142.833 0 0 -140.036 0 28.1303 -1419.2 0 0 0 1 
-81.7451 0 -130.918 -684.404 0 154.343 0 0 130.918 0 -81.7451 -856.274 0 0 0 1 
-141.442 0 45.6973 1027.59 0 148.641 0 0 -45.6973 0 -141.442 -970.394 0 0 0 1 
-153.376 0 -25.1042 -511.626 0 155.417 0 0 25.1042 0 -153.376 1601.2 0 0 0 1 
18.9062 0 -156.714 -1287.41 0 157.85 0 0 156.714 0 18.9062 -1204.53 0 0 0 1 
-70.2553 0 132.651 -1612.44 0 150.107 0 0 -132.651 0 -70.2553 1673.51 0 0 0 1 
126.986 0 -81.0015 1619.53 0 150.621 0 0 81.0015 0 126.986 -1295.89 0 0 0 1 
15.7972 0 -148.371 -819.98 0 149.209 0 0 148.371 0 15.7972 -131.25 0 0 0 1 
-11.144 0 -157.15 -1515.07 0 157.545 0 0 157.15 0 -11.144 -1960.38 0 0 0 1 
-16.4311 0 -153.404 -1405.87 0 154.281 0 0 153.404 0 -16.4311 1870.55 0 0 0 1 
-72.0956 0 -123.878 874.831 0 143.331 0 0 123.878 0 -72.0956 1422.62 0 0 0 1 
-63.4783 0 -144.52 -1773.43 0 157.846 0 0 144.52 0 -63.4783 -922.23 0 0 0 1 
-22.4638 0 -146.978 908.221 0 148.685 0 0 146.978 0 -22.4638 -52.3553 0 0 0 1 
-128.314 0 78.404 1785.25 0 150.371 0 0 -78.404 0 -128.314 -1732.41 0 0 0 1 
146.726 0 -37.8918 743.133 0 151.54 0 0 37.8918 0 146.726 -903.771 0 0 0 1 
-1.06516 0 159.522 1182.29 0 159.525 0 0 -159.522 0 -1.06516 1070.28 0 0 0 1 
82.0196 0 -117.698 -323.387 0 143.458 0 0 117.698 0 82.0196 -603.828 0 0 0 1 
45.8863 0 141.402 286.618 0 148.661 0 0 -141.402 0 45.8863 1952.96 0 0 0 1 
-109.327 0 105.913 -1128.74 0 152.217 0 0 -105.913 0 -109.327 1379.73 0 0 0 1 
74.9534 0 -121.306 188.005 0 142.594 0 0 121.306 0 74.9534 -1236.43 0 0 0 1 
153.051 0 -17.1439 1007.76 0 154.008 0 0 17.1439 0 153.051 92.4592 0 0 0 1 
83.7084 0 115.075 -294.946 0 142.3 0 0 -115.075 0 83.7084 128.833 0 0 0 1 
-150.365 0 12.7569 490.713 0 150.905 0 0 -12.7569 0 -150.365 -558.426 0 0 0 1 
143.547 0 68.2984 1537.76 0 158.967 0 0 -68.2984 0 143.547 1515.9 0 0 0 1 
63.6712 0 -146.624 -112.495 0 159.852 0 0 146.624 0 63.6712 642.399 0 0 0 1 
150.433 0 11.8683 -539.935 0 150.901 0 0 -11.8683 0 150.433 -1345.23 0 0 0 1 
-92.8278 0 -124.237 204.246 0 155.087 0 0 124.237 0 -92.8278 -648.452 0 0 0 1 
48.2497 0 136.121 1945.86 0 144.419 0 0 -136.121 0 48.2497 956.858 0 0 0 1 
109.442 0 95.2309 -1458.89 0 145.074 0 0 -95.2309 0 109.442 -1315.15 0 0 0 1 
-25.9189 0 141.468 -1403.18 0 143.823 0 0 -141.468 0 -25.9189 -540.295 0 0 0 1 
51.1522 0 138.586 -808.462 0 147.725 0 0 -138.586 0 51.1522 110.293 0 0 0 1 
-56.9469 0 139.628 861.051 0 150.794 0 0 -139.628 0 -56.9469 1455.16 0 0 0 1 
151.147 0 -39.9566 -1461.7 0 156.34 0 0 39.9566 0 151.147 -1223.3 0 0 0 1 
114.637 0 -106.169 -1395.71 0 156.248 0 0 106.169 0 114.637 -750.26 0 0 0 1 
150.604 0 17.4643 -406.558 0 151.614 0 0 -17.4643 0 150.604 1288.75 0 0 0 1 
7.58949 0 150.467 88.7463 0 150.658 0 0 -150.467 0 7.58949 793.683 0 0 0 1 
74.6796 0 -122.291 -1972.81 0 143.29 0 0 122.291 0 74.6796 -1547.59 0 0 0 1 
145.081 0 29.7711 1611.4 0 148.104 0 0 -29.7711 0 145.081 -346.745 0 0 0 1 
-156.741 0 5.70448 1120.51 0 156.845 0 0 -5.70448 0 -156.741 801.328 0 0 0 1 
-82.2915 0 -114.872 -1939.19 0 141.306 0 0 114.872 0 -82.2915 39.2659 0 0 0 1 
120.304 0 -79.1767 519.802 0 144.021 0 0 79.1767 0 120.304 404.495 0 0 0 1 
35.3143 0 144.262 -1978.65 0 148.521 0 0 -144.262 0 35.3143 -1418.45 0 0 0 1 
35.4964 0 139.801 1176.32 0 144.237 0 0 -139.801 0 35.4964 -434.824 0 0 0 1 
-19.2759 0 -156.629 1470.69 0 157.81 0 0 156.629 0 -19.2759 -968.988 0 0 0 1 
63.6432 0 145.783 485.177 0 159.069 0 0 -145.783 0 63.6432 897.671 0 0 0 1 
-78.7075 0 -137.167 636.792 0 158.144 0 0 137.167 0 -78.7075 -659.38 0 0 0 1 
100.927 0 105.318 1337.62 0 145.87 0 0 -105.318 0 100.927 1916.29 0 0 0 1 
-12.8339 0 -149.995 1466.71 0 150.543 0 0 149.995 0 -12.8339 -299.459 0 0 0 1 
99.2532 0 111.851 73.1362 0 149.539 0 0 -111.851 0 99.2532 1912.87 0 0 0 1 
138.554 0 -50.4259 -1387.16 0 147.444 0 0 50.4259 0 138.554 1355.8 0 0 0 1 
61.8482 0 -145.519 1915.69 0 158.117 0 0 145.519 0 61.8482 -31.2075 0 0 0 1 
-87.3665 0 128.28 1767.14 0 155.205 0 0 -128.28 0 -87.3665 -1889.58 0 0 0 1 
125.703 0 74.5823 1172.41 0 146.164 0 0 -74.5823 0 125.703 -1273.14 0 0 0 1 
-87.552 0 127.275 1012.7 0 154.48 0 0 -127.275 0 -87.552 -543.092 0 0 0 1 
52.3063 0 -137.886 -1091.2 0 147.474 0 0 137.886 0 52.3063 1191.95 0 0 0 1 
-97.8361 0 -108.226 1058.04 0 145.893 0 0 108.226 0 -97.8361 1259.31 0 0 0 1 
78.3052 0 123.936 1602.7 0 146.601 0 0 -123.936 0 78.3052 -1506.53 0 0 0 1 
155.867 0 24.7095 462.714 0 157.813 0 0 -24.7095 0 155.867 -643.194 0 0 0 1 
118.494 0 -97.6048 1749.38 0 153.517 0 0 97.6048 0 118.494 1543.6 0 0 0 1 
-141.237 0 8.1308 -131.218 0 141.471 0 0 -8.1308 0 -141.237 -549.638 0 0 0 1 
-138.827 0 42.3628 -1919.85 0 145.147 0 0 -42.3628 0 -138.827 328.638 0 0 0 1 
-15.4914 0 -151.169 -641.919 0 151.96 0 0 151.169 0 -15.4914 -1629.82 0 0 0 1 
144.15 0 51.4985 1015.6 0 153.073 0 0 -51.4985 0 144.15 -1675.72 0 0 0 1 
-148.583 0 5.72308 -619.091 0 148.693 0 0 -5.72308 0 -148.583 -1592.85 0 0 0 1 
119.16 0 -103.321 -1015.28 0 157.715 0 0 103.321 0 119.16 -1598.44 0 0 0 1 
129.354 0 87.9857 1913.52 0 156.442 0 0 -87.9857 0 129.354 -989.882 0 0 0 1 
82.0231 0 -137.781 -426.463 0 160.348 0 0 137.781 0 82.0231 -854.247 0 0 0 1 
-138.695 0 34.8514 170.102 0 143.007 0 0 -34.8514 0 -138.695 -758.804 0 0 0 1 
-121.954 0 -82.1189 807.196 0 147.025 0 0 82.1189 0 -121.954 -1139.82 0 0 0 1 
35.0609 0 146.561 -705.785 0 150.696 0 0 -146.561 0 35.0609 1352.23 0 0 0 1 
55.643 0 144.935 -1356.68 0 155.249 0 0 -144.935 0 55.643 1489.45 0 0 0 1 
130.976 0 81.7674 -1330.99 0 154.404 0 0 -81.7674 0 130.976 -1983.51 0 0 0 1 
144.587 0 -9.46493 256.928 0 144.896 0 0 9.46493 0 144.587 -1317.93 0 0 0 1 
-150.03 0 17.3658 563.535 0 151.031 0 0 -17.3658 0 -150.03 -272.151 0 0 0 1 
-115.665 0 -100.913 -645.649 0 153.498 0 0 100.913 0 -115.665 -413.272 0 0 0 1 
-154.447 0 6.52476 -604.213 0 154.585 0 0 -6.52476 0 -154.447 -18.1124 0 0 0 1 
80.1963 0 -125.651 -1698.89 0 149.063 0 0 125.651 0 80.1963 -1778.3 0 0 0 1 
-147.259 0 57.199 -348.189 0 157.978 0 0 -57.199 0 -147.259 -267.066 0 0 0 1 
13.6206 0 -143.496 1258.68 0 144.141 0 0 143.496 0 13.6206 210.848 0 0 0 1 
-122.827 0 -99.4326 348.919 0 158.03 0 0 99.4326 0 -122.827 1849.03 0 0 0 1 
84.9116 0 -130.07 873.742 0 155.332 0 0 130.07 0 84.9116 -260.278 0 0 0 1 
140.748 0 67.8522 -63.2479 0 156.25 0 0 -67.8522 0 140.748 24.5018 0 0 0 1 
80.7642 0 137.341 -677.427 0 159.328 0 0 -137.341 0 80.7642 -1496.87 0 0 0 1 
83.2195 0 -124.053 614.044 0 149.381 0 0 124.053 0 83.2195 -1236.02 0 0 0 1 
-143.57 0 56.3638 -669.727 0 154.238 0 0 -56.3638 0 -143.57 1427.14 0 0 0 1 
45.5951 0 -135.562 732.531 0 143.024 0 0 135.562 0 45.5951 1925.03 0 0 0 1 
112.982 0 -100.935 1948.3 0 151.501 0 0 100.935 0 112.982 423.052 0 0 0 1 
141.05 0 69.8202 -153.403 0 157.384 0 0 -69.8202 0 141.05 1390.1 0 0 0 1 
153.456 0 -33.662 1391.38 0 157.104 0 0 33.662 0 153.456 -540.086 0 0 0 1 
126.571 0 -86.7593 1958 0 153.452 0 0 86.7593 0 126.571 173.673 0 0 0 1 
-92.0243 0 125.847 1715.25 0 155.904 0 0 -125.847 0 -92.0243 -1643.33 0 0 0 1 
-134.548 0 60.7063 -1466.26 0 147.609 0 0 -60.7063 0 -134.548 646.39 0 0 0 1 
-140.276 0 41.4435 1539.37 0 146.27 0 0 -41.4435 0 -140.276 841.52 0 0 0 1 
44.6404 0 148.262 -512.587 0 154.836 0 0 -148.262 0 44.6404 -1311.81 0 0 0 1 
-153.979 0 -6.72675 -1562.1 0 154.126 0 0 6.72675 0 -153.979 421.772 0 0 0 1 
62.4431 0 -130.154 1182.96 0 144.357 0 0 130.154 0 62.4431 650.518 0 0 0 1 
-93.0782 0 130.714 -1687.89 0 160.467 0 0 -130.714 0 -93.0782 1034.57 0 0 0 1 
86.553 0 112.103 -1641.77 0 141.628 0 0 -112.103 0 86.553 -1816.44 0 0 0 1 
97.1244 0 -121.278 1103.12 0 155.375 0 0 121.278 0 97.1244 1935.7 0 0 0 1 
-125.661 0 -96.7072 1803.23 0 158.566 0 0 96.7072 0 -125.661 -1194.47 0 0 0 1 
129.374 0 74.4138 -1248.88 0 149.248 0 0 -74.4138 0 129.374 -1534.24 0 0 0 1 
21.2135 0 -139.79 -1908.79 0 141.39 0 0 139.79 0 21.2135 -1873.8 0 0 0 1 
-137.104 0 47.0439 -1819.1 0 144.95 0 0 -47.0439 0 -137.104 -709.843 0 0 0 1 
32.6014 0 -136.818 -124.596 0 140.649 0 0 136.818 0 32.6014 754.881 0 0 0 1 
-82.2951 0 118.005 479.144 0 143.867 0 0 -118.005 0 -82.2951 -897.051 0 0 0 1 
-71.6851 0 -138.07 1012.93 0 155.571 0 0 138.07 0 -71.6851 -1212.82 0 0 0 1 
-152.795 0 10.5855 1696.66 0 153.162 0 0 -10.5855 0 -152.795 -1250.18 0 0 0 1 
34.7656 0 -137.519 -1402.02 0 141.845 0 0 137.519 0 34.7656 1750.75 0 0 0 1 
-142.59 0 1.18022 -203.387 0 142.595 0 0 -1.18022 0 -142.59 1044.54 0 0 0 1 
-151.112 0 -10.9607 -229.792 0 151.509 0 0 10.9607 0 -151.112 684.571 0 0 0 1 
-72.6301 0 -132.443 288.537 0 151.05 0 0 132.443 0 -72.6301 -388.632 0 0 0 1 
124.167 0 -85.733 1427.09 0 150.889 0 0 85.733 0 124.167 852.344 0 0 0 1 
-130.379 0 -55.6666 1909.59 0 141.765 0 0 55.6666 0 -130.379 -602.679 0 0 0 1 
-69.8329 0 124.531 277.529 0 142.774 0 0 -124.531 0 -69.8329 -870.538 0 0 0 1 
-71.9632 0 -134.385 -1937.4 0 152.44 0 0 134.385 0 -71.9632 -858.307 0 0 0 1 
-77.9276 0 -134.042 -1305.58 0 155.048 0 0 134.042 0 -77.9276 -188.327 0 0 0 1 
67.7405 0 134.413 692.667 0 150.518 0 0 -134.413 0 67.7405 175.68 0 0 0 1 
136.017 0 63.0917 334.386 0 149.938 0 0 -63.0917 0 136.017 490.65 0 0 0 1 
122.749 0 -96.8585 -74.9915 0 156.361 0 0 96.8585 0 122.749 -217.308 0 0 0 1 
66.9712 0 -139.255 233.994 0 154.522 0 0 139.255 0 66.9712 -882.363 0 0 0 1 
-100.592 0 107.857 469.156 0 147.486 0 0 -107.857 0 -100.592 -1160.45 0 0 0 1 
139.353 0 -63.2006 -628.077 0 153.015 0 0 63.2006 0 139.353 717.682 0 0 0 1 
-125.984 0 -78.5619 -243.83 0 148.472 0 0 78.5619 0 -125.984 735.164 0 0 0 1 
144.044 0 22.7644 1395.72 0 145.832 0 0 -22.7644 0 144.044 -344.504 0 0 0 1 
12.8756 0 -141.409 90.8633 0 141.994 0 0 141.409 0 12.8756 1875.37 0 0 0 1 
152.649 0 31.4493 -1668.81 0 155.855 0 0 -31.4493 0 152.649 -373.482 0 0 0 1 
-155.662 0 1.12236 794.619 0 155.666 0 0 -1.12236 0 -155.662 1558.63 0 0 0 1 
138.173 0 56.9921 389.84 0 149.465 0 0 -56.9921 0 138.173 72.2285 0 0 0 1 
-82.0173 0 -124.318 1068.42 0 148.936 0 0 124.318 0 -82.0173 -1172.03 0 0 0 1 
141.292 0 23.3814 -1839.84 0 143.214 0 0 -23.3814 0 141.292 -1832.76 0 0 0 1 
-58.8592 0 130.121 -1214.72 0 142.815 0 0 -130.121 0 -58.8592 -1583.96 0 0 0 1 
-12.5609 0 -148.301 1105.78 0 148.832 0 0 148.301 0 -12.5609 654.674 0 0 0 1 
33.9749 0 -150.937 -955.234 0 154.713 0 0 150.937 0 33.9749 342.27 0 0 0 1 
140.951 0 1.68919 1700.52 0 140.961 0 0 -1.68919 0 140.951 1867.39 0 0 0 1 
-129.083 0 -60.1486 605.964 0 142.409 0 0 60.1486 0 -129.083 -1795.86 0 0 0 1 
-47.028 0 -137.12 -1417.49 0 144.961 0 0 137.12 0 -47.028 -684.072 0 0 0 1 
127.825 0 69.7894 -251.847 0 145.636 0 0 -69.7894 0 127.825 -213.047 0 0 0 1 
118.601 0 -91.525 1874.43 0 149.81 0 0 91.525 0 118.601 -890.863 0 0 0 1 
85.124 0 123.646 -701.176 0 150.115 0 0 -123.646 0 85.124 -1176.62 0 0 0 1 
151.798 0 -48.131 1202.48 0 159.246 0 0 48.131 0 151.798 -438.596 0 0 0 1 
133.536 0 -60.423 1482.01 0 146.571 0 0 60.423 0 133.536 244.562 0 0 0 1 
63.5638 0 -140.876 1932.98 0 154.553 0 0 140.876 0 63.5638 -944.575 0 0 0 1 
96.4592 0 -105.712 -590.118 0 143.106 0 0 105.712 0 96.4592 -961.153 0 0 0 1 
119.478 0 -78.0274 -1665.82 0 142.7 0 0 78.0274 0 119.478 -1681.96 0 0 0 1 
146.483 0 -63.5535 -891.635 0 159.676 0 0 63.5535 0 146.483 -581.085 0 0 0 1 
136.777 0 60.3801 1862.99 0 149.512 0 0 -60.3801 0 136.777 1707.87 0 0 0 1 
90.8495 0 -110.921 1011.09 0 143.377 0 0 110.921 0 90.8495 651.357 0 0 0 1 
-57.4431 0 -142.776 617.839 0 153.898 0 0 142.776 0 -57.4431 -146.456 0 0 0 1 
-139.296 0 -73.2799 792.352 0 157.396 0 0 73.2799 0 -139.296 -925.546 0 0 0 1 
-148.041 0 46.8207 -1718.85 0 155.269 0 0 -46.8207 0 -148.041 77.512 0 0 0 1 
153.797 0 -41.5197 -218.45 0 159.303 0 0 41.5197 0 153.797 695.459 0 0 0 1 
149.511 0 10.2353 1841.46 0 149.861 0 0 -10.2353 0 149.511 1043.69 0 0 0 1 
145.961 0 -19.9065 1287.11 0 147.312 0 0 19.9065 0 145.961 1089.89 0 0 0 1 
-137.588 0 -49.8823 -772.896 0 146.351 0 0 49.8823 0 -137.588 234.036 0 0 0 1 
-132.1 0 -47.9625 -433.046 0 140.538 0 0 47.9625 0 -132.1 192.657 0 0 0 1 
-144.43 0 -22.0458 -1248.38 0 146.103 0 0 22.0458 0 -144.43 180.367 0 0 0 1 
92.9482 0 -118.068 -1352.25 0 150.264 0 0 118.068 0 92.9482 -33.6776 0 0 0 1 
-120.777 0 83.9832 -769.657 0 147.107 0 0 -83.9832 0 -120.777 789.502 0 0 0 1 
71.8691 0 -131.383 -1777.84 0 149.755 0 0 131.383 0 71.8691 -1725.13 0 0 0 1 
-21.7896 0 -142.51 -737.487 0 144.166 0 0 142.51 0 -21.7896 588.672 0 0 0 1 
69.1049 0 -132.896 800.21 0 149.789 0 0 132.896 0 69.1049 58.0466 0 0 0 1 
140.106 0 -76.8758 -684.8 0 159.811 0 0 76.8758 0 140.106 -1247.22 0 0 0 1 
140.32 0 -30.4037 1541.76 0 143.576 0 0 30.4037 0 140.32 365.199 0 0 0 1 
-85.3251 0 -129.334 -103.731 0 154.944 0 0 129.334 0 -85.3251 79.1951 0 0 0 1 
109.076 0 97.8346 -790.671 0 146.524 0 0 -97.8346 0 109.076 1297.32 0 0 0 1 
-159.173 0 19.6805 1383.51 0 160.385 0 0 -19.6805 0 -159.173 1157.67 0 0 0 1 
-133.508 0 82.5621 -382.448 0 156.974 0 0 -82.5621 0 -133.508 1937.16 0 0 0 1 
-126.105 0 -82.9352 309.974 0 150.933 0 0 82.9352 0 -126.105 425.048 0 0 0 1 
-94.2179 0 -116.67 818.403 0 149.963 0 0 116.67 0 -94.2179 -942.472 0 0 0 1 
116.544 0 92.8908 -728.136 0 149.034 0 0 -92.8908 0 116.544 1586.99 0 0 0 1 
77.2159 0 -119.284 -167.518 0 142.095 0 0 119.284 0 77.2159 1254.64 0 0 0 1 
-17.5974 0 -144.692 1762.75 0 145.758 0 0 144.692 0 -17.5974 385.726 0 0 0 1 
145.93 0 -50.06 690.789 0 154.278 0 0 50.06 0 145.93 -657.665 0 0 0 1 
-81.5721 0 -132.218 -1944.08 0 155.357 0 0 132.218 0 -81.5721 1776.42 0 0 0 1 
109.103 0 -98.4125 -1042.63 0 146.93 0 0 98.4125 0 109.103 -1530.59 0 0 0 1 
144.102 0 5.46577 1682.95 0 144.206 0 0 -5.46577 0 144.102 -248.408 0 0 0 1 
-96.9263 0 -114.469 1069.26 0 149.993 0 0 114.469 0 -96.9263 1078.09 0 0 0 1 
-64.3645 0 -147.102 1201.77 0 160.567 0 0 147.102 0 -64.3645 -1333.78 0 0 0 1 
-94.8233 0 -125.408 1297.35 0 157.221 0 0 125.408 0 -94.8233 1060.17 0 0 0 1 
80.7479 0 120.138 764.869 0 144.753 0 0 -120.138 0 80.7479 -1625.41 0 0 0 1 
-125.843 0 97.5161 1943.98 0 159.204 0 0 -97.5161 0 -125.843 1165.17 0 0 0 1 
93.4704 0 -127.94 655.047 0 158.447 0 0 127.94 0 93.4704 1812.96 0 0 0 1 
-151.854 0 -48.5618 -852.987 0 159.43 0 0 48.5618 0 -151.854 1243.06 0 0 0 1 
-129.23 0 -94.703 1807.72 0 160.215 0 0 94.703 0 -129.23 421.687 0 0 0 1 
139.867 0 -65.6141 -1601.86 0 154.492 0 0 65.6141 0 139.867 -191.512 0 0 0 1 
-135.951 0 68.9688 323.653 0 152.445 0 0 -68.9688 0 -135.951 1453.71 0 0 0 1 
-94.3573 0 120.598 914.414 0 153.124 0 0 -120.598 0 -94.3573 -603.916 0 0 0 1 
141.301 0 -50.0039 180.552 0 149.888 0 0 50.0039 0 141.301 -1491.12 0 0 0 1 
70.4231 0 124.991 -692.422 0 143.465 0 0 -124.991 0 70.4231 -1083.92 0 0 0 1 
75.0668 0 -122.44 -760.329 0 143.62 0 0 122.44 0 75.0668 1358.02 0 0 0 1 
133.624 0 48.2746 197.124 0 142.077 0 0 -48.2746 0 133.624 469.079 0 0 0 1 
111.552 0 85.7991 60.2659 0 140.731 0 0 -85.7991 0 111.552 393.499 0 0 0 1 
85.8601 0 -118.866 -1899.35 0 146.633 0 0 118.866 0 85.8601 -866.584 0 0 0 1 
-131.068 0 65.1857 183.455 0 146.383 0 0 -65.1857 0 -131.068 -694.12 0 0 0 1 
-142.948 0 63.0748 66.5505 0 156.245 0 0 -63.0748 0 -142.948 674.811 0 0 0 1 
-128.564 0 -87.6339 -639.969 0 155.59 0 0 87.6339 0 -128.564 -824.102 0 0 0 1 
-139.659 0 -59.2721 1210.47 0 151.716 0 0 59.2721 0 -139.659 945.331 0 0 0 1 
-7.91378 0 -158.966 1.15894 0 159.163 0 0 158.966 0 -7.91378 -1775.57 0 0 0 1 
-29.8844 0 156.988 28.8105 0 159.808 0 0 -156.988 0 -29.8844 -248.411 0 0 0 1 
-112.895 0 84.6056 1818.6 0 141.08 0 0 -84.6056 0 -112.895 467.992 0 0 0 1 
-95.617 0 -105.613 -1640.63 0 142.466 0 0 105.613 0 -95.617 -651.174 0 0 0 1 
-38.6027 0 -139.684 1805.01 0 144.92 0 0 139.684 0 -38.6027 -1289.71 0 0 0 1 
-111.168 0 -97.0027 -1631.32 0 147.539 0 0 97.0027 0 -111.168 1340.84 0 0 0 1 
-93.9803 0 116.973 -1313.46 0 150.05 0 0 -116.973 0 -93.9803 -877.405 0 0 0 1 
-4.62188 0 -150.314 -239.746 0 150.385 0 0 150.314 0 -4.62188 -416.968 0 0 0 1 
4.21437 0 159.218 0.953491 0 159.274 0 0 -159.218 0 4.21437 -1444.49 0 0 0 1 
-36.487 0 143.697 229.24 0 148.257 0 0 -143.697 0 -36.487 1754.71 0 0 0 1 
76.5409 0 120.001 1383.06 0 142.333 0 0 -120.001 0 76.5409 -1864.22 0 0 0 1 
61.3493 0 -129.198 1197.48 0 143.024 0 0 129.198 0 61.3493 1102.75 0 0 0 1 
128.491 0 60.3442 626.49 0 141.955 0 0 -60.3442 0 128.491 1909.94 0 0 0 1 
-140.068 0 -62.8118 872.995 0 153.507 0 0 62.8118 0 -140.068 556.105 0 0 0 1 
138.994 0 79.5784 -450.058 0 160.163 0 0 -79.5784 0 138.994 132.296 0 0 0 1 
157.999 0 15.3067 667.569 0 158.738 0 0 -15.3067 0 157.999 -1309.73 0 0 0 1 
114.883 0 84.9758 -478.938 0 142.895 0 0 -84.9758 0 114.883 911.788 0 0 0 1 
-138.25 0 -37.1146 1494.48 0 143.145 0 0 37.1146 0 -138.25 -697.642 0 0 0 1 
40.0167 0 -155.291 -1183.77 0 160.364 0 0 155.291 0 40.0167 1464.86 0 0 0 1 
77.4096 0 132.938 136.111 0 153.833 0 0 -132.938 0 77.4096 -1682.98 0 0 0 1 
-140.077 0 63.0333 1084.2 0 153.606 0 0 -63.0333 0 -140.077 1716.49 0 0 0 1 
43.9111 0 -148.068 1686.2 0 154.442 0 0 148.068 0 43.9111 1211.68 0 0 0 1 
118.953 0 93.798 -591.64 0 151.485 0 0 -93.798 0 118.953 -1902.2 0 0 0 1 
136.133 0 -36.0565 1635.01 0 140.827 0 0 36.0565 0 136.133 -1490.42 0 0 0 1 
-39.8077 0 149.609 -778.943 0 154.815 0 0 -149.609 0 -39.8077 81.1343 0 0 0 1 
-138.232 0 -48.4968 1730.74 0 146.492 0 0 48.4968 0 -138.232 -781.063 0 0 0 1 
143.676 0 67.3756 -435.157 0 158.689 0 0 -67.3756 0 143.676 1060.53 0 0 0 1 
-116.063 0 -109.215 249.596 0 159.369 0 0 109.215 0 -116.063 158.048 0 0 0 1 
-98.8008 0 -109.593 22.3179 0 147.554 0 0 109.593 0 -98.8008 -967.331 0 0 0 1 
-140.225 0 65.2491 -130.519 0 154.663 0 0 -65.2491 0 -140.225 628.473 0 0 0 1 
130.946 0 76.7795 1842.16 0 151.796 0 0 -76.7795 0 130.946 0.983032 0 0 0 1 
-6.27301 0 -140.387 -649.562 0 140.527 0 0 140.387 0 -6.27301 1351.72 0 0 0 1 
37.7425 0 -153.572 769.526 0 158.141 0 0 153.572 0 37.7425 936.827 0 0 0 1 
63.7858 0 146.254 -262.645 0 159.558 0 0 -146.254 0 63.7858 187.781 0 0 0 1 
9.91041 0 140.994 -1334.87 0 141.342 0 0 -140.994 0 9.91041 -1321.33 0 0 0 1 
143.724 0 5.65082 445.212 0 143.835 0 0 -5.65082 0 143.724 1371.32 0 0 0 1 
97.451 0 -108.594 -1534.17 0 145.909 0 0 108.594 0 97.451 -1918.62 0 0 0 1 
69.8954 0 -126.315 1664.86 0 144.363 0 0 126.315 0 69.8954 1586.68 0 0 0 1 
-147.342 0 -5.33199 108.95 0 147.438 0 0 5.33199 0 -147.342 1240.36 0 0 0 1 
127.504 0 76.3373 1101.73 0 148.609 0 0 -76.3373 0 127.504 1408.33 0 0 0 1 
-79.6986 0 121.141 -48.5049 0 145.007 0 0 -121.141 0 -79.6986 1822.16 0 0 0 1 
-138.978 0 -43.3335 814.966 0 145.577 0 0 43.3335 0 -138.978 599.151 0 0 0 1 
112.433 0 -102.69 -1947.5 0 152.271 0 0 102.69 0 112.433 -921.316 0 0 0 1 
-89.518 0 -128.334 153.854 0 156.471 0 0 128.334 0 -89.518 -380.408 0 0 0 1 
-132.543 0 -47.4715 1361.45 0 140.788 0 0 47.4715 0 -132.543 -1168.41 0 0 0 1 
95.2616 0 125.045 303.663 0 157.197 0 0 -125.045 0 95.2616 50.5979 0 0 0 1 
-157.477 0 -10.125 1081.98 0 157.802 0 0 10.125 0 -157.477 1432.02 0 0 0 1 
-23.364 0 153.272 1900.97 0 155.043 0 0 -153.272 0 -23.364 -606.075 0 0 0 1 
-100.872 0 -119.87 923.552 0 156.665 0 0 119.87 0 -100.872 1585.04 0 0 0 1 
-148.038 0 48.5823 -566.975 0 155.806 0 0 -48.5823 0 -148.038 1001.77 0 0 0 1 
-107.581 0 -117.843 519.353 0 159.564 0 0 117.843 0 -107.581 1006.58 0 0 0 1 
-134.844 0 76.4557 253.28 0 155.011 0 0 -76.4557 0 -134.844 1346.3 0 0 0 1 
151.835 0 39.5233 111.11 0 156.895 0 0 -39.5233 0 151.835 1521.27 0 0 0 1 
3.02041 0 160.403 -1754.39 0 160.431 0 0 -160.403 0 3.02041 1217.52 0 0 0 1 
-76.5648 0 -123.039 688.917 0 144.917 0 0 123.039 0 -76.5648 1041.64 0 0 0 1 
-102.903 0 122.076 1208.2 0 159.66 0 0 -122.076 0 -102.903 1000.23 0 0 0 1 
-58.3184 0 -135.044 -1275.31 0 147.099 0 0 135.044 0 -58.3184 -448.564 0 0 0 1 
-158.684 0 -15.9123 1119.71 0 159.48 0 0 15.9123 0 -158.684 -475.748 0 0 0 1 
143.341 0 36.8883 -1851.52 0 148.012 0 0 -36.8883 0 143.341 -202.036 0 0 0 1 
144.224 0 29.5021 -1799.75 0 147.21 0 0 -29.5021 0 144.224 -789.536 0 0 0 1 
140.84 0 25.4456 1683.64 0 143.12 0 0 -25.4456 0 140.84 -1256.83 0 0 0 1 
124.522 0 -71.6969 -535.881 0 143.687 0 0 71.6969 0 124.522 -129.644 0 0 0 1 
30.0092 0 157.464 605.065 0 160.298 0 0 -157.464 0 30.0092 1607.71 0 0 0 1 
144.904 0 -20.8276 -1396.95 0 146.393 0 0 20.8276 0 144.904 -1098.73 0 0 0 1 
-154.784 0 25.6548 647.58 0 156.896 0 0 -25.6548 0 -154.784 -150.159 0 0 0 1 
149.332 0 50.7784 786.566 0 157.729 0 0 -50.7784 0 149.332 1674.92 0 0 0 1 
129.31 0 -88.8365 1983.51 0 156.886 0 0 88.8365 0 129.31 -640.978 0 0 0 1 
16.6373 0 -143.52 -990.59 0 144.481 0 0 143.52 0 16.6373 1277.65 0 0 0 1 
-112.685 0 -111.886 -1955.32 0 158.797 0 0 111.886 0 -112.685 -281.008 0 0 0 1 
135.481 0 -70.5096 -1278 0 152.73 0 0 70.5096 0 135.481 338.903 0 0 0 1 
-119.238 0 -85.0808 -12.9514 0 146.48 0 0 85.0808 0 -119.238 1592.54 0 0 0 1 
8.90265 0 -152.241 -1154.36 0 152.501 0 0 152.241 0 8.90265 1644.91 0 0 0 1 
147.837 0 2.30038 -1099.05 0 147.855 0 0 -2.30038 0 147.837 1552.29 0 0 0 1 
-98.9493 0 118.69 1389.96 0 154.526 0 0 -118.69 0 -98.9493 -1447.57 0 0 0 1 
121.565 0 -92.6793 -516.048 0 152.864 0 0 92.6793 0 121.565 327.764 0 0 0 1 
8.17859 0 -149.805 1628.16 0 150.029 0 0 149.805 0 8.17859 1171.41 0 0 0 1 
-46.6921 0 135.975 -646.373 0 143.768 0 0 -135.975 0 -46.6921 2.88513 0 0 0 1 
-124.662 0 -85.7659 -727.859 0 151.315 0 0 85.7659 0 -124.662 -1247.57 0 0 0 1 
50.7729 0 -136.097 -905.563 0 145.26 0 0 136.097 0 50.7729 1500.02 0 0 0 1 
125.606 0 91.4164 1708.29 0 155.35 0 0 -91.4164 0 125.606 1370.26 0 0 0 1 
-144.64 0 -37.3711 -775.248 0 149.39 0 0 37.3711 0 -144.64 434.114 0 0 0 1 
-126.677 0 73.0587 -1460.8 0 146.235 0 0 -73.0587 0 -126.677 1641.02 0 0 0 1 
-118.851 0 -86.2309 626.826 0 146.837 0 0 86.2309 0 -118.851 -803.15 0 0 0 1 
-102.271 0 110.444 178.767 0 150.524 0 0 -110.444 0 -102.271 1779.09 0 0 0 1 
-48.3758 0 134.506 -1698.4 0 142.941 0 0 -134.506 0 -48.3758 623.096 0 0 0 1 
138.812 0 67.0446 760.757 0 154.155 0 0 -67.0446 0 138.812 1775.28 0 0 0 1 
-50.6987 0 140.593 1522.33 0 149.455 0 0 -140.593 0 -50.6987 -1111.64 0 0 0 1 
133.98 0 -49.5056 1362.04 0 142.834 0 0 49.5056 0 133.98 -1290.18 0 0 0 1 
44.2165 0 143.684 -1900.69 0 150.334 0 0 -143.684 0 44.2165 660.543 0 0 0 1 
29.1459 0 154.501 1176.52 0 157.226 0 0 -154.501 0 29.1459 1184.45 0 0 0 1 
-15.0162 0 141.817 1375.71 0 142.61 0 0 -141.817 0 -15.0162 1306.39 0 0 0 1 
-115.508 0 -104.2 1101.19 0 155.563 0 0 104.2 0 -115.508 -1842.55 0 0 0 1 
122.324 0 75.4684 -679.421 0 143.731 0 0 -75.4684 0 122.324 1948.63 0 0 0 1 
78.4814 0 126.511 -1673.7 0 148.877 0 0 -126.511 0 78.4814 -1252.49 0 0 0 1 
-156.391 0 -2.0873 178.071 0 156.405 0 0 2.0873 0 -156.391 -588.108 0 0 0 1 
31.7029 0 -154.05 1767.5 0 157.279 0 0 154.05 0 31.7029 -323.917 0 0 0 1 
-67.8727 0 -139.841 -816.845 0 155.442 0 0 139.841 0 -67.8727 257.23 0 0 0 1 
-50.7676 0 -149.898 -804.741 0 158.262 0 0 149.898 0 -50.7676 -1348.1 0 0 0 1 
-130.046 0 67.1633 -1228.62 0 146.366 0 0 -67.1633 0 -130.046 -1927.74 0 0 0 1 
87.5895 0 -111.621 551.403 0 141.885 0 0 111.621 0 87.5895 -1183.4 0 0 0 1 
148.665 0 -43.4601 -1052.03 0 154.887 0 0 43.4601 0 148.665 1109.95 0 0 0 1 
-74.9045 0 -139.422 -321.598 0 158.269 0 0 139.422 0 -74.9045 -1413.53 0 0 0 1 
-109.391 0 89.558 -282.965 0 141.375 0 0 -89.558 0 -109.391 -1992.11 0 0 0 1 
-35.7659 0 -139.881 1814 0 144.381 0 0 139.881 0 -35.7659 1343.22 0 0 0 1 
60.1192 0 130.771 70.5933 0 143.928 0 0 -130.771 0 60.1192 -1713.84 0 0 0 1 
88.3743 0 126.264 686.414 0 154.119 0 0 -126.264 0 88.3743 -938.769 0 0 0 1 
-131.208 0 -85.1994 -498.286 0 156.443 0 0 85.1994 0 -131.208 -1701.6 0 0 0 1 
-86.8631 0 -112.117 -406.735 0 141.829 0 0 112.117 0 -86.8631 -53.746 0 0 0 1 
-45.2779 0 142.049 1393.7 0 149.091 0 0 -142.049 0 -45.2779 -1291.66 0 0 0 1 
50.7981 0 135.186 -831.678 0 144.415 0 0 -135.186 0 50.7981 -1179.88 0 0 0 1 
-63.8247 0 125.498 -541.906 0 140.796 0 0 -125.498 0 -63.8247 1902.69 0 0 0 1 
-18.7126 0 142.47 -247.732 0 143.694 0 0 -142.47 0 -18.7126 1156.31 0 0 0 1 
44.3902 0 138.811 409.246 0 145.736 0 0 -138.811 0 44.3902 1231.61 0 0 0 1 
61.6558 0 135.578 -1707.92 0 148.939 0 0 -135.578 0 61.6558 -1332.98 0 0 0 1 
-17.8733 0 152.225 1873.66 0 153.271 0 0 -152.225 0 -17.8733 -1092.6 0 0 0 1 
155.955 0 -21.2976 1590.67 0 157.403 0 0 21.2976 0 155.955 -1720.34 0 0 0 1 
122.223 0 69.5729 -882.289 0 140.637 0 0 -69.5729 0 122.223 348.719 0 0 0 1 
152.458 0 19.9005 1871.75 0 153.752 0 0 -19.9005 0 152.458 1714.79 0 0 0 1 
150.31 0 -46.9643 -1892.92 0 157.476 0 0 46.9643 0 150.31 -461.985 0 0 0 1 
-64.5311 0 -126.058 -308.197 0 141.615 0 0 126.058 0 -64.5311 -450.062 0 0 0 1 
-40.7978 0 141.631 -61.5544 0 147.39 0 0 -141.631 0 -40.7978 1102.2 0 0 0 1 
5.44211 0 -146.954 1747.67 0 147.055 0 0 146.954 0 5.44211 -17.2372 0 0 0 1 
-86.6142 0 -116.722 -956.403 0 145.348 0 0 116.722 0 -86.6142 146.714 0 0 0 1 
-52.587 0 140.339 -391.441 0 149.868 0 0 -140.339 0 -52.587 -826.366 0 0 0 1 
-26.9498 0 139.025 145.688 0 141.613 0 0 -139.025 0 -26.9498 -324.491 0 0 0 1 
-12.8906 0 158.752 11.254 0 159.274 0 0 -158.752 0 -12.8906 246.372 0 0 0 1 
-146.472 0 -47.3378 -491.26 0 153.931 0 0 47.3378 0 -146.472 -867.799 0 0 0 1 
131.577 0 54.6069 -429.189 0 142.459 0 0 -54.6069 0 131.577 1154.72 0 0 0 1 
-36.2805 0 146.534 1747.73 0 150.958 0 0 -146.534 0 -36.2805 1764.1 0 0 0 1 
59.6058 0 133.507 1397.57 0 146.209 0 0 -133.507 0 59.6058 731.339 0 0 0 1 
-22.486 0 -151.039 120.333 0 152.704 0 0 151.039 0 -22.486 -48.8451 0 0 0 1 
136.23 0 41.7999 -1638.3 0 142.498 0 0 -41.7999 0 136.23 537.03 0 0 0 1 
12.1017 0 151.73 -308.16 0 152.212 0 0 -151.73 0 12.1017 83.6462 0 0 0 1 
29.414 0 -149.8 949.967 0 152.661 0 0 149.8 0 29.414 -1842.06 0 0 0 1 
-23.1624 0 -154.453 972.055 0 156.18 0 0 154.453 0 -23.1624 791.136 0 0 0 1 
-84.8037 0 -121.287 -395.902 0 147.994 0 0 121.287 0 -84.8037 848.443 0 0 0 1 
8.63885 0 142.224 -443.236 0 142.486 0 0 -142.224 0 8.63885 -1154.42 0 0 0 1 
55.8353 0 137.445 1410.47 0 148.354 0 0 -137.445 0 55.8353 1636.21 0 0 0 1 
-53.7177 0 143.631 1475.23 0 153.348 0 0 -143.631 0 -53.7177 515.763 0 0 0 1 
-118.288 0 94.0157 834.968 0 151.1 0 0 -94.0157 0 -118.288 -1216.91 0 0 0 1 
-126.547 0 -93.7955 -1899.77 0 157.518 0 0 93.7955 0 -126.547 -1481.52 0 0 0 1 
54.6704 0 139.103 1501.59 0 149.461 0 0 -139.103 0 54.6704 921.228 0 0 0 1 
94.9583 0 -126.963 1614.56 0 158.545 0 0 126.963 0 94.9583 -1610.92 0 0 0 1 
20.1007 0 152.58 -885.962 0 153.899 0 0 -152.58 0 20.1007 1630.86 0 0 0 1 
105.689 0 101.699 495.324 0 146.673 0 0 -101.699 0 105.689 -1194.05 0 0 0 1 
141.946 0 -56.2534 145.351 0 152.686 0 0 56.2534 0 141.946 1370.56 0 0 0 1 
-22.6336 0 -147.306 871.088 0 149.035 0 0 147.306 0 -22.6336 493.836 0 0 0 1 
140.641 0 0.732038 -840.267 0 140.642 0 0 -0.732038 0 140.641 1927.99 0 0 0 1 
52.2522 0 150.355 1363.05 0 159.176 0 0 -150.355 0 52.2522 -115.271 0 0 0 1 
-129.59 0 61.3977 1352.33 0 143.399 0 0 -61.3977 0 -129.59 -1618.05 0 0 0 1 
-4.76053 0 146.582 -1835.58 0 146.66 0 0 -146.582 0 -4.76053 1524.38 0 0 0 1 
-149.334 0 32.8783 -478.421 0 152.911 0 0 -32.8783 0 -149.334 -803.282 0 0 0 1 
-113.421 0 -95.9738 -851.623 0 148.578 0 0 95.9738 0 -113.421 1007.02 0 0 0 1 
145.854 0 -34.7415 -522.808 0 149.934 0 0 34.7415 0 145.854 -344.583 0 0 0 1 
24.3077 0 -154.55 -1089.15 0 156.45 0 0 154.55 0 24.3077 1527.12 0 0 0 1 
-47.0843 0 -153.24 254.416 0 160.31 0 0 153.24 0 -47.0843 -17.0508 0 0 0 1 
150.013 0 8.39209 1600.73 0 150.247 0 0 -8.39209 0 150.013 -402.405 0 0 0 1 
93.6431 0 -124.981 -584.829 0 156.171 0 0 124.981 0 93.6431 334.526 0 0 0 1 
19.7545 0 150.677 -1587.24 0 151.967 0 0 -150.677 0 19.7545 -809.381 0 0 0 1 
98.9184 0 119.249 1912.78 0 154.936 0 0 -119.249 0 98.9184 -143.266 0 0 0 1 
-111.844 0 112.266 -1631.75 0 158.47 0 0 -112.266 0 -111.844 -1118.78 0 0 0 1 
146.849 0 32.8457 489.421 0 150.477 0 0 -32.8457 0 146.849 14.6201 0 0 0 1 
82.7206 0 126.843 1996.82 0 151.433 0 0 -126.843 0 82.7206 -1230.32 0 0 0 1 
113.887 0 -82.3138 1949.88 0 140.52 0 0 82.3138 0 113.887 -897.644 0 0 0 1 
-77.0176 0 -122.924 131.321 0 145.059 0 0 122.924 0 -77.0176 1159.99 0 0 0 1 
-149.175 0 42.1962 954.025 0 155.028 0 0 -42.1962 0 -149.175 1625.71 0 0 0 1 
-113.159 0 106.346 -752.364 0 155.288 0 0 -106.346 0 -113.159 1244.78 0 0 0 1 
85.9293 0 -118.449 1723.51 0 146.335 0 0 118.449 0 85.9293 851.709 0 0 0 1 
-112.996 0 84.5195 -255.618 0 141.109 0 0 -84.5195 0 -112.996 -1962.26 0 0 0 1 
-12.0775 0 146.906 -359.604 0 147.401 0 0 -146.906 0 -12.0775 154.063 0 0 0 1 
-82.8083 0 118.993 -1314.33 0 144.971 0 0 -118.993 0 -82.8083 -1052.77 0 0 0 1 
-103.22 0 107.473 -1272.6 0 149.013 0 0 -107.473 0 -103.22 285.014 0 0 0 1 
-49.5174 0 -136.53 1136.11 0 145.232 0 0 136.53 0 -49.5174 -1756.87 0 0 0 1 
-130.978 0 74.892 661.744 0 150.878 0 0 -74.892 0 -130.978 512.058 0 0 0 1 
-140.574 0 58.9196 -110.172 0 152.423 0 0 -58.9196 0 -140.574 -1044.65 0 0 0 1 
147.695 0 22.1497 -602.471 0 149.347 0 0 -22.1497 0 147.695 -1101.27 0 0 0 1 
143.628 0 -24.314 1576.25 0 145.672 0 0 24.314 0 143.628 748.292 0 0 0 1 
-109.056 0 109.256 -1775.4 0 154.37 0 0 -109.256 0 -109.056 1750.7 0 0 0 1 
-12.598 0 141.026 66.3977 0 141.588 0 0 -141.026 0 -12.598 -1491.92 0 0 0 1 
-99.1711 0 -111.206 1520.25 0 149.002 0 0 111.206 0 -99.1711 558.171 0 0 0 1 
-145.015 0 -7.34194 47.6599 0 145.201 0 0 7.34194 0 -145.015 -585.345 0 0 0 1 
-89.4335 0 -126.847 -117.619 0 155.205 0 0 126.847 0 -89.4335 157.808 0 0 0 1 
1.45058 0 160.072 1677.54 0 160.078 0 0 -160.072 0 1.45058 1424.38 0 0 0 1 
107.754 0 109.726 -1075.5 0 153.788 0 0 -109.726 0 107.754 -1275.2 0 0 0 1 
-139.308 0 51.2522 5.43909 0 148.437 0 0 -51.2522 0 -139.308 744.946 0 0 0 1 
148.21 0 51.3973 882.012 0 156.869 0 0 -51.3973 0 148.21 -1488.31 0 0 0 1 
129.566 0 62.297 -1151.12 0 143.765 0 0 -62.297 0 129.566 1297.04 0 0 0 1 
-130.851 0 -55.0695 -1105.73 0 141.967 0 0 55.0695 0 -130.851 -809.832 0 0 0 1 
-28.2584 0 151.729 682.189 0 154.338 0 0 -151.729 0 -28.2584 -444.814 0 0 0 1 
-99.662 0 118.589 1838.01 0 154.906 0 0 -118.589 0 -99.662 563.774 0 0 0 1 
52.985 0 -136.553 778.319 0 146.472 0 0 136.553 0 52.985 1821.6 0 0 0 1 
143.349 0 62.407 -1012.46 0 156.345 0 0 -62.407 0 143.349 599.377 0 0 0 1 
-136.142 0 65.4487 -172.526 0 151.057 0 0 -65.4487 0 -136.142 301.548 0 0 0 1 
140.544 0 31.3299 936.856 0 143.994 0 0 -31.3299 0 140.544 1092.09 0 0 0 1 
137.769 0 -31.5388 510.619 0 141.333 0 0 31.5388 0 137.769 1633.49 0 0 0 1 
-154.865 0 -2.31452 -1500.28 0 154.883 0 0 2.31452 0 -154.865 980.301 0 0 0 1 
-59.1511 0 132.336 1641.29 0 144.954 0 0 -132.336 0 -59.1511 -1255.44 0 0 0 1 
93.9003 0 -113.428 1895.02 0 147.252 0 0 113.428 0 93.9003 -621.608 0 0 0 1 
108.169 0 105.049 -44.024 0 150.784 0 0 -105.049 0 108.169 1209.82 0 0 0 1 
157.191 0 8.03495 -182.574 0 157.396 0 0 -8.03495 0 157.191 -1220.47 0 0 0 1 
-48.5004 0 152.61 -146.701 0 160.132 0 0 -152.61 0 -48.5004 544.27 0 0 0 1 
19.1384 0 154.186 -1779.26 0 155.369 0 0 -154.186 0 19.1384 -394.321 0 0 0 1 
-130.136 0 65.3218 1415.35 0 145.61 0 0 -65.3218 0 -130.136 29.3136 0 0 0 1 
-134.604 0 61.3615 -1282.39 0 147.93 0 0 -61.3615 0 -134.604 -317.272 0 0 0 1 
-89.0698 0 -131.639 869.799 0 158.941 0 0 131.639 0 -89.0698 -259.391 0 0 0 1 
-141.395 0 67.349 -1512.55 0 156.616 0 0 -67.349 0 -141.395 -706.201 0 0 0 1 
114.703 0 95.4423 -865.267 0 149.218 0 0 -95.4423 0 114.703 1536.15 0 0 0 1 
-147.556 0 52.9396 -1174.57 0 156.766 0 0 -52.9396 0 -147.556 964.153 0 0 0 1 
79.5371 0 -122.493 -1039.35 0 146.05 0 0 122.493 0 79.5371 490.74 0 0 0 1 
138.378 0 -72.3432 -334.263 0 156.147 0 0 72.3432 0 138.378 1123.45 0 0 0 1 
-87.0464 0 -119.656 1688.06 0 147.968 0 0 119.656 0 -87.0464 737.325 0 0 0 1 
120.55 0 82.8455 702.348 0 146.273 0 0 -82.8455 0 120.55 586.884 0 0 0 1 
58.0102 0 129.459 -576.94 0 141.862 0 0 -129.459 0 58.0102 -178.982 0 0 0 1 
-14.2427 0 -158.146 -812.31 0 158.786 0 0 158.146 0 -14.2427 -164.577 0 0 0 1 
-59.404 0 -143.212 1592.78 0 155.044 0 0 143.212 0 -59.404 -1670.99 0 0 0 1 
-148.051 0 53.2227 1073.09 0 157.327 0 0 -53.2227 0 -148.051 -602.946 0 0 0 1 
-128.697 0 -83.6142 -178.277 0 153.474 0 0 83.6142 0 -128.697 -455.135 0 0 0 1 
47.5609 0 149.861 -403.971 0 157.227 0 0 -149.861 0 47.5609 -381.529 0 0 0 1 
-121.602 0 102.531 -796.254 0 159.058 0 0 -102.531 0 -121.602 -347.497 0 0 0 1 
-139.083 0 73.7187 -1130.62 0 157.412 0 0 -73.7187 0 -139.083 1870.96 0 0 0 1 
-106.642 0 -119.34 1597.53 0 160.046 0 0 119.34 0 -106.642 -1165.83 0 0 0 1 
17.6684 0 -152.671 -262.012 0 153.69 0 0 152.671 0 17.6684 -14.9543 0 0 0 1 
-52.9635 0 133.965 1040.63 0 144.055 0 0 -133.965 0 -52.9635 -558.065 0 0 0 1 
152.622 0 20.1239 -1.67969 0 153.943 0 0 -20.1239 0 152.622 -505.799 0 0 0 1 
23.8267 0 147 151.252 0 148.918 0 0 -147 0 23.8267 573.166 0 0 0 1 
-94.6799 0 -122.257 525.358 0 154.632 0 0 122.257 0 -94.6799 985.045 0 0 0 1 
-86.3038 0 -126.181 1574.37 0 152.872 0 0 126.181 0 -86.3038 287.144 0 0 0 1 
152.207 0 -21.637 -1530.58 0 153.737 0 0 21.637 0 152.207 -1860.1 0 0 0 1 
-141.762 0 -52.6001 -486.336 0 151.206 0 0 52.6001 0 -141.762 1882.51 0 0 0 1 
-4.80179 0 -148.755 -1990.18 0 148.832 0 0 148.755 0 -4.80179 -651.932 0 0 0 1 
-137.475 0 -29.1899 1300.71 0 140.54 0 0 29.1899 0 -137.475 150.365 0 0 0 1 
150.968 0 36.0867 1908.08 0 155.221 0 0 -36.0867 0 150.968 -1541.49 0 0 0 1 
65.2125 0 -131.269 1934.39 0 146.575 0 0 131.269 0 65.2125 -910.593 0 0 0 1 
151.074 0 0.384584 -1080.42 0 151.075 0 0 -0.384584 0 151.074 725.931 0 0 0 1 
38.031 0 152.274 1889.75 0 156.952 0 0 -152.274 0 38.031 -2.93713 0 0 0 1 
80.2828 0 -135.477 -1164.7 0 157.478 0 0 135.477 0 80.2828 -1727.28 0 0 0 1 
-99.9231 0 -125.696 139.318 0 160.574 0 0 125.696 0 -99.9231 -330.098 0 0 0 1 
-81.4749 0 -129.104 -401.053 0 152.663 0 0 129.104 0 -81.4749 869.745 0 0 0 1 
145.655 0 15.551 -168.69 0 146.483 0 0 -15.551 0 145.655 -13.1866 0 0 0 1 
-128.164 0 -78.0522 870.272 0 150.061 0 0 78.0522 0 -128.164 1089.96 0 0 0 1 
156.777 0 -28.6129 164.858 0 159.366 0 0 28.6129 0 156.777 192.415 0 0 0 1 
-132.088 0 56.783 1100.19 0 143.776 0 0 -56.783 0 -132.088 806.938 0 0 0 1 
89.8784 0 -110.493 1167.24 0 142.432 0 0 110.493 0 89.8784 1143.77 0 0 0 1 
-21.3456 0 -154.274 1595.52 0 155.743 0 0 154.274 0 -21.3456 -844.89 0 0 0 1 
-75.2175 0 133.923 -12.7947 0 153.6 0 0 -133.923 0 -75.2175 -1299.17 0 0 0 1 
21.507 0 -151.575 -609.735 0 153.094 0 0 151.575 0 21.507 880.296 0 0 0 1 
-94.9491 0 -127.669 -1751.8 0 159.106 0 0 127.669 0 -94.9491 -961.895 0 0 0 1 
-138.14 0 -74.2703 -1091.63 0 156.84 0 0 74.2703 0 -138.14 -1630.84 0 0 0 1 
-149.569 0 -48.3974 -789.762 0 157.204 0 0 48.3974 0 -149.569 333.631 0 0 0 1 
-107.141 0 -109.62 -979.368 0 153.283 0 0 109.62 0 -107.141 621.493 0 0 0 1 
