# matrices
-143.606 0 9.53851 -1560.88 0 143.923 0 0 -9.53851 0 -143.606 927.959 0 0 0 1 
125.999 0 -82.8335 1027.82 0 150.788 0 0 82.8335 0 125.999 1329.46 0 0 0 1 
-28.7042 0 -144.798 -414.875 0 147.615 0 0 144.798 0 -28.7042 350.066 0 0 0 1 
108.3 0 -105.769 -1905.81 0 151.38 0 0 105.769 0 108.3 -899.368 0 0 0 1 
-109.623 0 -97.8135 1207.61 0 146.917 0 0 97.8135 0 -109.623 283.911 0 0 0 1 
-73.3568 0 128.198 1995.47 0 147.702 0 0 -128.198 0 -73.3568 1162.13 0 0 0 1 
28.4517 0 -154.089 202.44 0 156.694 0 0 154.089 0 28.4517 -1197.4 0 0 0 1 
7.92391 0 -144.967 -540.326 0 145.184 0 0 144.967 0 7.92391 491.683 0 0 0 1 
-55.3857 0 149.563 -1031.78 0 159.489 0 0 -149.563 0 -55.3857 -1740.63 0 0 0 1 
103.48 0 108.257 -613.588 0 149.759 0 0 -108.257 0 103.48 92.7273 0 0 0 1 
-64.0106 0 128.339 -1904.63 0 143.416 0 0 -128.339 0 -64.0106 -1119.71 0 0 0 1 
30.4185 0 139.037 -1289.53 0 142.325 0 0 -139.037 0 30.4185 -402.016 0 0 0 1 
-122.674 0 87.0213 1560.75 0 150.405 0 0 -87.0213 0 -122.674 -1286.59 0 0 0 1 
-30.6839 0 -141.669 -1139.15 0 144.954 0 0 141.669 0 -30.6839 -1456.99 0 0 0 1 
-156.292 0 8.75367 955.705 0 156.537 0 0 -8.75367 0 -156.292 1583.75 0 0 0 1 
14.5148 0 -157.424 -1799.93 0 158.092 0 0 157.424 0 14.5148 1441.1 0 0 0 1 
41.8574 0 136.953 -196.546 0 143.207 0 0 -136.953 0 41.8574 -1230.01 0 0 0 1 
-118.205 0 -90.3024 118.381 0 148.751 0 0 90.3024 0 -118.205 -1645.4 0 0 0 1 
-17.9849 0 140.441 855.126 0 141.588 0 0 -140.441 0 -17.9849 499.973 0 0 0 1 
143.357 0 65.246 -333.507 0 157.507 0 0 -65.246 0 143.357 327.431 0 0 0 1 
8.38604 0 152.37 1500.2 0 152.601 0 0 -152.37 0 8.38604 -481.519 0 0 0 1 
33.4827 0 -145.147 -1938.7 0 148.959 0 0 145.147 0 33.4827 1197.95 0 0 0 1 
77.1546 0 -117.685 570.548 0 140.721 0 0 117.685 0 77.1546 -1807.78 0 0 0 1 
126.186 0 -61.9388 -1894.11 0 140.568 0 0 61.9388 0 126.186 -412.858 0 0 0 1 
-56.4138 0 139.858 -162.23 0 150.807 0 0 -139.858 0 -56.4138 1902.71 0 0 0 1 
132.99 0 -47.2162 -841.593 0 141.123 0 0 47.2162 0 132.99 1370.61 0 0 0 1 
81.7862 0 -115.262 837.672 0 141.331 0 0 115.262 0 81.7862 -494.518 0 0 0 1 
-98.7253 0 103.419 749.991 0 142.976 0 0 -103.419 0 -98.7253 -1406.84 0 0 0 1 
149.845 0 -33.0944 -1107.54 0 153.457 0 0 33.0944 0 149.845 -1347.01 0 0 0 1 
-132.86 0 -64.8182 -1803.96 0 147.829 0 0 64.8182 0 -132.86 -1176.58 0 0 0 1 
-27.8835 0 143.445 460.581 0 146.13 0 0 -143.445 0 -27.8835 -1773.36 0 0 0 1 
-110.169 0 116.293 347.369 0 160.192 0 0 -116.293 0 -110.169 1568.23 0 0 0 1 
18.8968 0 143.123 -1658.33 0 144.366 0 0 -143.123 0 18.8968 259.226 0 0 0 1 
140.59 0 -20.5448 -1649.34 0 142.083 0 0 20.5448 0 140.59 -1890.26 0 0 0 1 
132.332 0 -50.8258 -127.774 0 141.757 0 0 50.8258 0 132.332 -587.541 0 0 0 1 
-125.81 0 -90.1103 1723.04 0 154.752 0 0 90.1103 0 -125.81 -1983.78 0 0 0 1 
-136.271 0 55.7045 -265.399 0 147.216 0 0 -55.7045 0 -136.271 -1152.35 0 0 0 1 
67.464 0 140.018 1331.32 0 155.423 0 0 -140.018 0 67.464 1572.55 0 0 0 1 
-75.7754 0 123.356 -788.614 0 144.771 0 0 -123.356 0 -75.7754 -162.02 0 0 0 1 
114.003 0 96.7725 232.726 0 149.538 0 0 -96.7725 0 114.003 1135.57 0 0 0 1 
-60.6271 0 -127.929 783.106 0 141.568 0 0 127.929 0 -60.6271 667.771 0 0 0 1 
-125.89 0 -70.4234 -339.457 0 144.249 0 0 70.4234 0 -125.89 280.432 0 0 0 1 
147.019 0 56.3706 1992.89 0 157.456 0 0 -56.3706 0 147.019 -1355.03 0 0 0 1 
-73.7287 0 128.495 -145.551 0 148.145 0 0 -128.495 0 -73.7287 1805.25 0 0 0 1 
92.9177 0 120.901 -334.787 0 152.482 0 0 -120.901 0 92.9177 -1308.99 0 0 0 1 
75.7708 0 128.696 1729.71 0 149.345 0 0 -128.696 0 75.7708 -1006.29 0 0 0 1 
116.197 0 110.269 1108.45 0 160.19 0 0 -110.269 0 116.197 1451.81 0 0 0 1 
-106.091 0 112.726 908.929 0 154.798 0 0 -112.726 0 -106.091 -1306.53 0 0 0 1 
-59.7899 0 -147.734 1232.75 0 159.374 0 0 147.734 0 -59.7899 145.491 0 0 0 1 
-68.413 0 123.887 -1299.23 0 141.521 0 0 -123.887 0 -68.413 -1740.51 0 0 0 1 
77.391 0 -126.227 1151.33 0 148.063 0 0 126.227 0 77.391 -1731.56 0 0 0 1 
-27.7915 0 -145.037 1660.35 0 147.676 0 0 145.037 0 -27.7915 -1615.44 0 0 0 1 
-8.24079 0 -144.323 -1133.87 0 144.558 0 0 144.323 0 -8.24079 1634.52 0 0 0 1 
127.033 0 81.4618 -1203.6 0 150.909 0 0 -81.4618 0 127.033 -1865.84 0 0 0 1 
114.015 0 104.519 439.747 0 154.673 0 0 -104.519 0 114.015 26.7417 0 0 0 1 
-149.753 0 -40.8429 -1868.93 0 155.223 0 0 40.8429 0 -149.753 -53.8868 0 0 0 1 
-90.7532 0 -119.75 1497.59 0 150.254 0 0 119.75 0 -90.7532 -1067.06 0 0 0 1 
-108.718 0 -115.032 986.072 0 158.278 0 0 115.032 0 -108.718 -854.089 0 0 0 1 
116.235 0 -84.3127 1894.42 0 143.594 0 0 84.3127 0 116.235 1973.4 0 0 0 1 
112.319 0 -114.342 -424.089 0 160.28 0 0 114.342 0 112.319 -1787.44 0 0 0 1 
158.552 0 -7.76438 791.086 0 158.742 0 0 7.76438 0 158.552 1370.67 0 0 0 1 
-35.2098 0 142.391 -1089.33 0 146.679 0 0 -142.391 0 -35.2098 1296.37 0 0 0 1 
133.641 0 48.0112 1366.37 0 142.003 0 0 -48.0112 0 133.641 620.274 0 0 0 1 
-139.137 0 -79.8701 -272.044 0 160.432 0 0 79.8701 0 -139.137 -719.369 0 0 0 1 
-11.6989 0 152.087 -160.868 0 152.536 0 0 -152.087 0 -11.6989 -1444.62 0 0 0 1 
-18.026 0 -146.281 118.615 0 147.388 0 0 146.281 0 -18.026 627.262 0 0 0 1 
-140.76 0 -47.9196 -930.645 0 148.693 0 0 47.9196 0 -140.76 -776.857 0 0 0 1 
88.2351 0 -133.213 -617.195 0 159.784 0 0 133.213 0 88.2351 -1170.55 0 0 0 1 
1.0288 0 155.139 1969.28 0 155.142 0 0 -155.139 0 1.0288 -1657.65 0 0 0 1 
-155.715 0 17.0029 -1750.33 0 156.641 0 0 -17.0029 0 -155.715 -476.051 0 0 0 1 
77.2251 0 -133.211 1048.91 0 153.977 0 0 133.211 0 77.2251 -205.735 0 0 0 1 
-146.522 0 -48.854 926.54 0 154.452 0 0 48.854 0 -146.522 1649.8 0 0 0 1 
-14.3513 0 -140.483 -428.464 0 141.214 0 0 140.483 0 -14.3513 1934.36 0 0 0 1 
151.388 0 -49.9136 -1618.83 0 159.404 0 0 49.9136 0 151.388 -840.454 0 0 0 1 
-125.565 0 81.7305 1289.09 0 149.821 0 0 -81.7305 0 -125.565 1962.61 0 0 0 1 
-41.844 0 141.089 -790.733 0 147.164 0 0 -141.089 0 -41.844 326.242 0 0 0 1 
39.9329 0 145.97 -257.405 0 151.334 0 0 -145.97 0 39.9329 1706.02 0 0 0 1 
-145.19 0 33.0586 -929.464 0 148.906 0 0 -33.0586 0 -145.19 -1253.15 0 0 0 1 
145.772 0 32.1836 -1294.75 0 149.283 0 0 -32.1836 0 145.772 -1207.86 0 0 0 1 
-118.178 0 -99.7738 -1459.76 0 154.664 0 0 99.7738 0 -118.178 1159.9 0 0 0 1 
112.259 0 -114.291 1495.97 0 160.202 0 0 114.291 0 112.259 -1755.11 0 0 0 1 
65.0377 0 -143.506 -1661.48 0 157.556 0 0 143.506 0 65.0377 -1997.59 0 0 0 1 
-27.1831 0 156.169 -727.263 0 158.518 0 0 -156.169 0 -27.1831 -468.685 0 0 0 1 
25.152 0 -154.819 321.313 0 156.849 0 0 154.819 0 25.152 -1761.44 0 0 0 1 
-53.1799 0 -131.223 -1847.52 0 141.589 0 0 131.223 0 -53.1799 607.91 0 0 0 1 
-139.434 0 27.1408 -1034.44 0 142.05 0 0 -27.1408 0 -139.434 -1922.52 0 0 0 1 
-150.625 0 -48.4543 -1155.38 0 158.227 0 0 48.4543 0 -150.625 -568.333 0 0 0 1 
41.4759 0 -143.572 -8.04517 0 149.443 0 0 143.572 0 41.4759 515.09 0 0 0 1 
0.515282 0 -149.151 1741.86 0 149.152 0 0 149.151 0 0.515282 600.395 0 0 0 1 
92.1413 0 108.661 1888.74 0 142.468 0 0 -108.661 0 92.1413 -1451.43 0 0 0 1 
105.834 0 118.15 1769.26 0 158.62 0 0 -118.15 0 105.834 1777.57 0 0 0 1 
119.664 0 98.0623 1326.87 0 154.712 0 0 -98.0623 0 119.664 1863.8 0 0 0 1 
2.39468 0 142.556 205.339 0 142.576 0 0 -142.556 0 2.39468 1643.01 0 0 0 1 
-154.417 0 13.0945 863.625 0 154.971 0 0 -13.0945 0 -154.417 -614.351 0 0 0 1 
155.067 0 22.4855 -1239.25 0 156.689 0 0 -22.4855 0 155.067 826.98 0 0 0 1 
-115.858 0 87.0264 375.076 0 144.903 0 0 -87.0264 0 -115.858 1674.31 0 0 0 1 
76.0511 0 -133.755 1904.76 0 153.864 0 0 133.755 0 76.0511 1384.97 0 0 0 1 
98.5864 0 108.724 -861.771 0 146.766 0 0 -108.724 0 98.5864 706.119 0 0 0 1 
81.7245 0 125.361 -125.445 0 149.647 0 0 -125.361 0 81.7245 1177.3 0 0 0 1 
-109.98 0 -102.502 1445.33 0 150.34 0 0 102.502 0 -109.98 450.596 0 0 0 1 
-28.281 0 -145.673 821.03 0 148.393 0 0 145.673 0 -28.281 -1517.99 0 0 0 1 
32.2774 0 -148.247 963.795 0 151.72 0 0 148.247 0 32.2774 1831.32 0 0 0 1 
-90.0859 0 -111.03 -1941.71 0 142.98 0 0 111.03 0 -90.0859 1321.03 0 0 0 1 
-3.30979 0 149.673 -180 0 149.709 0 0 -149.673 0 -3.30979 1804.3 0 0 0 1 
-22.3032 0 -142.722 954.063 0 144.455 0 0 142.722 0 -22.3032 -157.32 0 0 0 1 
21.1841 0 -157.659 -1236.28 0 159.076 0 0 157.659 0 21.1841 -1682.9 0 0 0 1 
-32.3118 0 141.278 1110.86 0 144.926 0 0 -141.278 0 -32.3118 1028.12 0 0 0 1 
-141.372 0 25.8786 1940.5 0 143.721 0 0 -25.8786 0 -141.372 1604.13 0 0 0 1 
2.25383 0 144.018 -1826.18 0 144.035 0 0 -144.018 0 2.25383 -1778.67 0 0 0 1 
-33.5236 0 -146.422 -196.859 0 150.211 0 0 146.422 0 -33.5236 -1201.7 0 0 0 1 
98.6877 0 104.625 165.422 0 143.825 0 0 -104.625 0 98.6877 986.72 0 0 0 1 
-4.7769 0 153.166 -1888.88 0 153.241 0 0 -153.166 0 -4.7769 -1064.43 0 0 0 1 
71.9238 0 -127.846 90.479 0 146.689 0 0 127.846 0 71.9238 1217.86 0 0 0 1 
-134.393 0 47.9256 1596.4 0 142.682 0 0 -47.9256 0 -134.393 223.378 0 0 0 1 
-84.0981 0 133.47 111.704 0 157.756 0 0 -133.47 0 -84.0981 -1990.29 0 0 0 1 
-111.718 0 -87.86 1168.33 0 142.127 0 0 87.86 0 -111.718 808.084 0 0 0 1 
152.017 0 18.4622 769.355 0 153.134 0 0 -18.4622 0 152.017 -1039.71 0 0 0 1 
-84.684 0 123.564 60.5579 0 149.798 0 0 -123.564 0 -84.684 -110.095 0 0 0 1 
61.6694 0 -134.711 382.556 0 148.156 0 0 134.711 0 61.6694 -1314.34 0 0 0 1 
149.455 0 13.6052 1467.64 0 150.073 0 0 -13.6052 0 149.455 -1717.34 0 0 0 1 
153.84 0 45.5474 1646.68 0 160.441 0 0 -45.5474 0 153.84 241.387 0 0 0 1 
6.27678 0 -147.605 1799.82 0 147.738 0 0 147.605 0 6.27678 1637.28 0 0 0 1 
-111.466 0 110.226 -242.618 0 156.762 0 0 -110.226 0 -111.466 -287.803 0 0 0 1 
-117.645 0 84.0992 -1478.15 0 144.613 0 0 -84.0992 0 -117.645 -998.656 0 0 0 1 
129.139 0 -56.0348 194.576 0 140.772 0 0 56.0348 0 129.139 -1453.93 0 0 0 1 
98.8324 0 -103.257 -1426.89 0 142.933 0 0 103.257 0 98.8324 -375.495 0 0 0 1 
10.5519 0 153.396 -1880.95 0 153.759 0 0 -153.396 0 10.5519 -1108.56 0 0 0 1 
151.018 0 -31.2333 1256.36 0 154.214 0 0 31.2333 0 151.018 1859.61 0 0 0 1 
126.94 0 71.6103 -356.176 0 145.746 0 0 -71.6103 0 126.94 1289.33 0 0 0 1 
10.3024 0 -146.599 998.486 0 146.96 0 0 146.599 0 10.3024 -1004.8 0 0 0 1 
69.4694 0 130.674 -1821.57 0 147.992 0 0 -130.674 0 69.4694 730.851 0 0 0 1 
-38.7186 0 141.181 1768.65 0 146.394 0 0 -141.181 0 -38.7186 1077.52 0 0 0 1 
3.36074 0 145.898 1750.95 0 145.937 0 0 -145.898 0 3.36074 374.855 0 0 0 1 
-97.7897 0 121.311 -1727.56 0 155.818 0 0 -121.311 0 -97.7897 -1599.88 0 0 0 1 
-141.517 0 75.2564 -1765.6 0 160.283 0 0 -75.2564 0 -141.517 253.342 0 0 0 1 
42.7264 0 152.284 1797.47 0 158.164 0 0 -152.284 0 42.7264 826.517 0 0 0 1 
-106.449 0 99.6988 -706.661 0 145.847 0 0 -99.6988 0 -106.449 -419.536 0 0 0 1 
137.829 0 41.9504 -532.785 0 144.072 0 0 -41.9504 0 137.829 -1653.35 0 0 0 1 
145.493 0 40.9832 -915.015 0 151.155 0 0 -40.9832 0 145.493 -1567.13 0 0 0 1 
137.942 0 76.4559 1500.71 0 157.713 0 0 -76.4559 0 137.942 -986.221 0 0 0 1 
-85.634 0 -115.881 1419.1 0 144.089 0 0 115.881 0 -85.634 -748.556 0 0 0 1 
-150.18 0 -30.6927 89.7798 0 153.284 0 0 30.6927 0 -150.18 -1185.41 0 0 0 1 
-145.178 0 65.0365 1797.7 0 159.08 0 0 -65.0365 0 -145.178 -593.85 0 0 0 1 
-109.313 0 -116.275 117.472 0 159.591 0 0 116.275 0 -109.313 1007 0 0 0 1 
83.8561 0 130.435 1607.33 0 155.065 0 0 -130.435 0 83.8561 251.079 0 0 0 1 
145.479 0 10.6401 1784.12 0 145.867 0 0 -10.6401 0 145.479 -1088.12 0 0 0 1 
144.272 0 51.3885 -1718.95 0 153.151 0 0 -51.3885 0 144.272 -1307.66 0 0 0 1 
130.275 0 57.4718 1295.39 0 142.389 0 0 -57.4718 0 130.275 -1517.23 0 0 0 1 
-84.3514 0 -114.073 430.022 0 141.872 0 0 114.073 0 -84.3514 1085.01 0 0 0 1 
127.586 0 -71.8638 -1961 0 146.433 0 0 71.8638 0 127.586 857.618 0 0 0 1 
-143.218 0 -25.6529 647.279 0 145.497 0 0 25.6529 0 -143.218 -977.062 0 0 0 1 
-124.046 0 87.6491 -546.575 0 151.887 0 0 -87.6491 0 -124.046 -1103.86 0 0 0 1 
123.975 0 -68.4581 -926.14 0 141.621 0 0 68.4581 0 123.975 -1674.82 0 0 0 1 
-112.074 0 -101.927 -929.754 0 151.492 0 0 101.927 0 -112.074 -1675.66 0 0 0 1 
-70.5115 0 126.262 497.901 0 144.617 0 0 -126.262 0 -70.5115 28.0829 0 0 0 1 
-20.5532 0 -155.245 881.86 0 156.599 0 0 155.245 0 -20.5532 -1728.64 0 0 0 1 
-114.504 0 -89.2266 1997.76 0 145.164 0 0 89.2266 0 -114.504 -347.831 0 0 0 1 
-104.048 0 117.9 -1205.01 0 157.246 0 0 -117.9 0 -104.048 -667.808 0 0 0 1 
-141.982 0 -62.6488 1095.17 0 155.19 0 0 62.6488 0 -141.982 1608.71 0 0 0 1 
-10.8706 0 155.08 1934.75 0 155.461 0 0 -155.08 0 -10.8706 1768.46 0 0 0 1 
146.552 0 -2.64491 214.539 0 146.576 0 0 2.64491 0 146.552 1258.51 0 0 0 1 
-76.5049 0 -130.071 114.619 0 150.902 0 0 130.071 0 -76.5049 -441.778 0 0 0 1 
137.126 0 -69.727 -93.7605 0 153.835 0 0 69.727 0 137.126 1935.7 0 0 0 1 
96.3206 0 -123.061 -1979 0 156.274 0 0 123.061 0 96.3206 47.1862 0 0 0 1 
71.981 0 137.993 323.968 0 155.638 0 0 -137.993 0 71.981 601.836 0 0 0 1 
-153.234 0 3.63008 833.172 0 153.277 0 0 -3.63008 0 -153.234 -1471.51 0 0 0 1 
122.818 0 84.3325 -495.934 0 148.984 0 0 -84.3325 0 122.818 -806.351 0 0 0 1 
-76.3837 0 137.076 -115.96 0 156.921 0 0 -137.076 0 -76.3837 -680.71 0 0 0 1 
-140.35 0 -57.8285 -1374.13 0 151.796 0 0 57.8285 0 -140.35 -855.072 0 0 0 1 
92.8657 0 116.615 -1281.83 0 149.074 0 0 -116.615 0 92.8657 1649.8 0 0 0 1 
19.2767 0 150.236 1913.77 0 151.468 0 0 -150.236 0 19.2767 234.5 0 0 0 1 
-158.198 0 25.5286 804.588 0 160.244 0 0 -25.5286 0 -158.198 -597.671 0 0 0 1 
67.4022 0 132.819 361.015 0 148.943 0 0 -132.819 0 67.4022 1786 0 0 0 1 
-67.7884 0 143.823 -1436.48 0 158.998 0 0 -143.823 0 -67.7884 832.39 0 0 0 1 
139.667 0 -38.1071 -1828.7 0 144.772 0 0 38.1071 0 139.667 -343.639 0 0 0 1 
58.8694 0 -147.709 -687.234 0 159.008 0 0 147.709 0 58.8694 558.155 0 0 0 1 
-21.0487 0 154.502 1094.97 0 155.929 0 0 -154.502 0 -21.0487 1460.49 0 0 0 1 
152.358 0 -30.098 1843.22 0 155.302 0 0 30.098 0 152.358 -796.912 0 0 0 1 
127.193 0 82.032 -1696.09 0 151.351 0 0 -82.032 0 127.193 -1821.91 0 0 0 1 
-35.2055 0 146.234 -1551 0 150.412 0 0 -146.234 0 -35.2055 -1107.1 0 0 0 1 
120.527 0 -84.5813 1904.95 0 147.244 0 0 84.5813 0 120.527 1203.56 0 0 0 1 
-29.5142 0 145.164 1055.49 0 148.134 0 0 -145.164 0 -29.5142 1744.59 0 0 0 1 
34.4617 0 156.338 -1110.52 0 160.091 0 0 -156.338 0 34.4617 -1678.34 0 0 0 1 
-48.8513 0 -140.333 1817.52 0 148.592 0 0 140.333 0 -48.8513 -1789.58 0 0 0 1 
-118.939 0 81.5211 1247.34 0 144.195 0 0 -81.5211 0 -118.939 101.593 0 0 0 1 
-3.40264 0 142.656 1900.19 0 142.696 0 0 -142.656 0 -3.40264 -1804.17 0 0 0 1 
-44.6551 0 -143.606 613.673 0 150.388 0 0 143.606 0 -44.6551 1460.56 0 0 0 1 
76.3865 0 -134.047 1094.43 0 154.284 0 0 134.047 0 76.3865 540.93 0 0 0 1 
-145.352 0 3.47567 -431.469 0 145.394 0 0 -3.47567 0 -145.352 -1838.06 0 0 0 1 
124.422 0 65.4223 1915.68 0 140.574 0 0 -65.4223 0 124.422 -1700.08 0 0 0 1 
83.8266 0 124.205 936.427 0 149.846 0 0 -124.205 0 83.8266 188.801 0 0 0 1 
-80.0941 0 -129.76 -408.131 0 152.489 0 0 129.76 0 -80.0941 88.6375 0 0 0 1 
50.3387 0 151.912 -956.509 0 160.036 0 0 -151.912 0 50.3387 546.452 0 0 0 1 
103.259 0 -97.0369 190.933 0 141.699 0 0 97.0369 0 103.259 -1435.35 0 0 0 1 
138.628 0 27.7675 216.334 0 141.381 0 0 -27.7675 0 138.628 1697.17 0 0 0 1 
-63.0623 0 -147.506 -1870.09 0 160.421 0 0 147.506 0 -63.0623 888.868 0 0 0 1 
-137.383 0 68.2656 -1850.07 0 153.409 0 0 -68.2656 0 -137.383 132.977 0 0 0 1 
-128.807 0 61.995 -602.727 0 142.95 0 0 -61.995 0 -128.807 209.492 0 0 0 1 
-127.423 0 -86.0604 1983.61 0 153.763 0 0 86.0604 0 -127.423 -332.335 0 0 0 1 
-96.7129 0 115.543 -819.885 0 150.677 0 0 -115.543 0 -96.7129 -720.611 0 0 0 1 
135.677 0 59.6262 -1235.06 0 148.201 0 0 -59.6262 0 135.677 142.949 0 0 0 1 
143.755 0 -16.4977 770.156 0 144.698 0 0 16.4977 0 143.755 -1670.84 0 0 0 1 
-158.012 0 -9.32273 1494.15 0 158.286 0 0 9.32273 0 -158.012 -629.753 0 0 0 1 
-76.1612 0 118.185 -1915.47 0 140.6 0 0 -118.185 0 -76.1612 -1563.14 0 0 0 1 
-51.6569 0 142.876 377.838 0 151.928 0 0 -142.876 0 -51.6569 -1829.32 0 0 0 1 
137.409 0 74.7618 811.05 0 156.43 0 0 -74.7618 0 137.409 1567.87 0 0 0 1 
33.2185 0 -152.351 -624.158 0 155.931 0 0 152.351 0 33.2185 -1611.09 0 0 0 1 
116.605 0 -91.4118 -1404.73 0 148.165 0 0 91.4118 0 116.605 -1107.73 0 0 0 1 
-15.9254 0 -146.43 -1551.72 0 147.293 0 0 146.43 0 -15.9254 787.405 0 0 0 1 
-108.223 0 118.38 375.548 0 160.393 0 0 -118.38 0 -108.223 -286.493 0 0 0 1 
115.603 0 101.755 -111.346 0 154.007 0 0 -101.755 0 115.603 -1480.15 0 0 0 1 
-110.752 0 115.734 719.253 0 160.188 0 0 -115.734 0 -110.752 471.611 0 0 0 1 
-77.7147 0 -123.259 -1632.93 0 145.713 0 0 123.259 0 -77.7147 -1995.99 0 0 0 1 
-23.1866 0 142.727 312.091 0 144.598 0 0 -142.727 0 -23.1866 -1745.28 0 0 0 1 
30.9827 0 -146.787 229.277 0 150.022 0 0 146.787 0 30.9827 -707.874 0 0 0 1 
105.063 0 -96.2222 457.86 0 142.467 0 0 96.2222 0 105.063 553.355 0 0 0 1 
148.647 0 -12.1111 -1691.7 0 149.139 0 0 12.1111 0 148.647 -566.415 0 0 0 1 
51.9729 0 140.344 -1040.67 0 149.658 0 0 -140.344 0 51.9729 -851.873 0 0 0 1 
55.6643 0 135.605 1558.08 0 146.585 0 0 -135.605 0 55.6643 1863.73 0 0 0 1 
132.279 0 61.8063 -1849.3 0 146.006 0 0 -61.8063 0 132.279 -1621.48 0 0 0 1 
143.825 0 -29.7619 459.932 0 146.872 0 0 29.7619 0 143.825 1734.77 0 0 0 1 
-11.0464 0 156.793 1991.29 0 157.181 0 0 -156.793 0 -11.0464 1068.66 0 0 0 1 
-142.288 0 39.0244 -1726.46 0 147.542 0 0 -39.0244 0 -142.288 -338.059 0 0 0 1 
59.282 0 145.24 -1855.42 0 156.872 0 0 -145.24 0 59.282 539.483 0 0 0 1 
117.796 0 -92.8757 -789.159 0 150.006 0 0 92.8757 0 117.796 -932.813 0 0 0 1 
82.3671 0 -124.107 75.0664 0 148.952 0 0 124.107 0 82.3671 -1613.64 0 0 0 1 
138.883 0 77.4025 1450.07 0 158.995 0 0 -77.4025 0 138.883 1706.9 0 0 0 1 
-111.958 0 -90.6719 154.352 0 144.069 0 0 90.6719 0 -111.958 502.991 0 0 0 1 
51.9222 0 144.695 -746.108 0 153.729 0 0 -144.695 0 51.9222 355.243 0 0 0 1 
-83.738 0 136.884 -1502.69 0 160.466 0 0 -136.884 0 -83.738 702.699 0 0 0 1 
127.043 0 77.1676 1111.96 0 148.643 0 0 -77.1676 0 127.043 1963.39 0 0 0 1 
138.726 0 -25.2965 371.744 0 141.013 0 0 25.2965 0 138.726 588.453 0 0 0 1 
-98.1832 0 -112.927 1530.09 0 149.641 0 0 112.927 0 -98.1832 534.635 0 0 0 1 
-155.949 0 3.56247 -1576.42 0 155.99 0 0 -3.56247 0 -155.949 -1122.18 0 0 0 1 
35.3124 0 -136.115 28.317 0 140.621 0 0 136.115 0 35.3124 420.368 0 0 0 1 
118.372 0 -103.301 -1737.46 0 157.108 0 0 103.301 0 118.372 834.586 0 0 0 1 
-101.537 0 108.295 -85.7244 0 148.45 0 0 -108.295 0 -101.537 210.653 0 0 0 1 
-12.9362 0 141.316 -952.365 0 141.907 0 0 -141.316 0 -12.9362 264.448 0 0 0 1 
148.527 0 -28.162 1200.98 0 151.173 0 0 28.162 0 148.527 -284.591 0 0 0 1 
29.3149 0 -151.831 -1433.09 0 154.635 0 0 151.831 0 29.3149 281.548 0 0 0 1 
95.256 0 124.354 1325.19 0 156.645 0 0 -124.354 0 95.256 -961.043 0 0 0 1 
-158.445 0 -20.0022 -1485.76 0 159.702 0 0 20.0022 0 -158.445 -1655.64 0 0 0 1 
36.736 0 146.997 437.054 0 151.518 0 0 -146.997 0 36.736 -782.371 0 0 0 1 
-111.219 0 104.265 316.214 0 152.449 0 0 -104.265 0 -111.219 -1290.15 0 0 0 1 
92.6254 0 122.55 -66.0436 0 153.616 0 0 -122.55 0 92.6254 855.181 0 0 0 1 
-141.581 0 -28.279 -1991.13 0 144.377 0 0 28.279 0 -141.581 -1897.99 0 0 0 1 
-49.1642 0 133.908 -90.3793 0 142.648 0 0 -133.908 0 -49.1642 272.915 0 0 0 1 
11.8856 0 -153.802 -1794.5 0 154.261 0 0 153.802 0 11.8856 -1207.22 0 0 0 1 
158.5 0 13.9031 -552.615 0 159.109 0 0 -13.9031 0 158.5 -1783.91 0 0 0 1 
60.9707 0 -128.045 -1433.02 0 141.82 0 0 128.045 0 60.9707 678.76 0 0 0 1 
124.183 0 -66.0744 666.388 0 140.667 0 0 66.0744 0 124.183 1607.28 0 0 0 1 
-131.044 0 -79.9492 -375.38 0 153.507 0 0 79.9492 0 -131.044 -877.368 0 0 0 1 
-31.9279 0 145.485 1333.78 0 148.947 0 0 -145.485 0 -31.9279 -1161.59 0 0 0 1 
51.0447 0 138.351 -1170.27 0 147.467 0 0 -138.351 0 51.0447 -1873.39 0 0 0 1 
-119.139 0 78.9059 1094.84 0 142.9 0 0 -78.9059 0 -119.139 -554.878 0 0 0 1 
-102.836 0 114.446 -1813.81 0 153.86 0 0 -114.446 0 -102.836 504.065 0 0 0 1 
-152.9 0 -11.7517 -1695.01 0 153.351 0 0 11.7517 0 -152.9 104.03 0 0 0 1 
63.7144 0 135.439 -264.972 0 149.677 0 0 -135.439 0 63.7144 -318.147 0 0 0 1 
-7.98965 0 153.703 -541.029 0 153.911 0 0 -153.703 0 -7.98965 1000.45 0 0 0 1 
-86.5687 0 -114.073 -1554.01 0 143.202 0 0 114.073 0 -86.5687 731.466 0 0 0 1 
137.022 0 82.367 -971.751 0 159.873 0 0 -82.367 0 137.022 1608.16 0 0 0 1 
12.6027 0 -158.805 213.28 0 159.305 0 0 158.805 0 12.6027 520.454 0 0 0 1 
-52.8043 0 -144.576 -1675.25 0 153.917 0 0 144.576 0 -52.8043 1909.48 0 0 0 1 
77.8725 0 133.136 -1429.05 0 154.238 0 0 -133.136 0 77.8725 95.7148 0 0 0 1 
-129.395 0 -56.7736 184.418 0 141.302 0 0 56.7736 0 -129.395 -422.59 0 0 0 1 
-130.57 0 52.6096 67.8181 0 140.77 0 0 -52.6096 0 -130.57 -1327.94 0 0 0 1 
-134.301 0 53.2502 114.006 0 144.472 0 0 -53.2502 0 -134.301 1328.53 0 0 0 1 
-154.215 0 -24.9415 -5.24573 0 156.219 0 0 24.9415 0 -154.215 1302.17 0 0 0 1 
18.8072 0 142.39 -1952.23 0 143.627 0 0 -142.39 0 18.8072 326.93 0 0 0 1 
132.935 0 -67.5354 -1913.55 0 149.106 0 0 67.5354 0 132.935 1619.7 0 0 0 1 
-130.766 0 -74.0353 -44.4236 0 150.269 0 0 74.0353 0 -130.766 -87.1039 0 0 0 1 
108.48 0 113.812 467.394 0 157.229 0 0 -113.812 0 108.48 603.288 0 0 0 1 
153.327 0 -3.703 -489.342 0 153.371 0 0 3.703 0 153.327 865.4 0 0 0 1 
-149.845 0 40.962 -1038.58 0 155.342 0 0 -40.962 0 -149.845 4.57617 0 0 0 1 
149.595 0 -29.7258 -1806.54 0 152.52 0 0 29.7258 0 149.595 828.585 0 0 0 1 
-123.786 0 -78.2608 -80.8823 0 146.45 0 0 78.2608 0 -123.786 1408.6 0 0 0 1 
-0.0834819 0 -141.15 308.744 0 141.15 0 0 141.15 0 -0.0834819 650.071 0 0 0 1 
46.1711 0 136.004 -857.168 0 143.627 0 0 -136.004 0 46.1711 -1396.19 0 0 0 1 
72.7258 0 -123.467 1687.29 0 143.294 0 0 123.467 0 72.7258 1563.6 0 0 0 1 
137.23 0 -60.7401 159.524 0 150.071 0 0 60.7401 0 137.23 1644.89 0 0 0 1 
106.555 0 -109.86 981.214 0 153.047 0 0 109.86 0 106.555 -195.715 0 0 0 1 
152.683 0 -6.27694 -1561.74 0 152.812 0 0 6.27694 0 152.683 335.386 0 0 0 1 
93.8594 0 115.947 1472.09 0 149.175 0 0 -115.947 0 93.8594 -1791.95 0 0 0 1 
5.59486 0 -155.515 130.257 0 155.616 0 0 155.515 0 5.59486 1761.42 0 0 0 1 
-79.6572 0 -120.167 924.706 0 144.171 0 0 120.167 0 -79.6572 1108.54 0 0 0 1 
-135.188 0 78.1848 -148.587 0 156.168 0 0 -78.1848 0 -135.188 -1722.07 0 0 0 1 
-28.1868 0 156.874 205.102 0 159.386 0 0 -156.874 0 -28.1868 881.991 0 0 0 1 
94.9342 0 -116.816 -764.38 0 150.527 0 0 116.816 0 94.9342 -252.305 0 0 0 1 
-102.691 0 -113.435 160.619 0 153.013 0 0 113.435 0 -102.691 -138.469 0 0 0 1 
-130.381 0 -78.537 124.774 0 152.208 0 0 78.537 0 -130.381 -1688.29 0 0 0 1 
-157.475 0 -16.9739 799.673 0 158.387 0 0 16.9739 0 -157.475 212.729 0 0 0 1 
2.18062 0 -155.626 -1686.81 0 155.641 0 0 155.626 0 2.18062 1274.07 0 0 0 1 
6.93564 0 -148.683 -906.599 0 148.845 0 0 148.683 0 6.93564 -1392.4 0 0 0 1 
-150.637 0 10.0228 -705.039 0 150.97 0 0 -10.0228 0 -150.637 -103.112 0 0 0 1 
101.219 0 107.869 -565.488 0 147.922 0 0 -107.869 0 101.219 303.955 0 0 0 1 
36.5732 0 138.243 -666.307 0 142.999 0 0 -138.243 0 36.5732 -1816.53 0 0 0 1 
-159.545 0 4.93754 1786.6 0 159.621 0 0 -4.93754 0 -159.545 -40.0503 0 0 0 1 
-45.0431 0 -147.904 1909.09 0 154.611 0 0 147.904 0 -45.0431 -711.866 0 0 0 1 
-107.593 0 99.4421 -970.655 0 146.51 0 0 -99.4421 0 -107.593 867.541 0 0 0 1 
144.307 0 -47.9488 1456.27 0 152.065 0 0 47.9488 0 144.307 468.299 0 0 0 1 
-150.229 0 16.6607 -1065.28 0 151.15 0 0 -16.6607 0 -150.229 -891.597 0 0 0 1 
95.1399 0 113.992 -727.445 0 148.478 0 0 -113.992 0 95.1399 832.799 0 0 0 1 
106.14 0 -104.015 318.659 0 148.609 0 0 104.015 0 106.14 -1108.61 0 0 0 1 
123.466 0 -98.4672 1604.58 0 157.923 0 0 98.4672 0 123.466 112.507 0 0 0 1 
-110.885 0 108.05 -627.617 0 154.824 0 0 -108.05 0 -110.885 -831.077 0 0 0 1 
-103.878 0 -99.656 -1661.3 0 143.951 0 0 99.656 0 -103.878 -1659.29 0 0 0 1 
-28.9771 0 147.068 -501.37 0 149.895 0 0 -147.068 0 -28.9771 1890.62 0 0 0 1 
-69.6611 0 128.467 942.755 0 146.138 0 0 -128.467 0 -69.6611 352.876 0 0 0 1 
121.969 0 -81.1083 -1065.37 0 146.476 0 0 81.1083 0 121.969 -9.63184 0 0 0 1 
159.951 0 10.035 -1192.53 0 160.266 0 0 -10.035 0 159.951 -1996.97 0 0 0 1 
-12.6134 0 -144.315 -496.966 0 144.865 0 0 144.315 0 -12.6134 -1825.78 0 0 0 1 
-13.0022 0 -156.583 480.972 0 157.122 0 0 156.583 0 -13.0022 695.778 0 0 0 1 
6.75369 0 -147.264 1367.32 0 147.418 0 0 147.264 0 6.75369 858.27 0 0 0 1 
78.7487 0 139.868 -992.505 0 160.513 0 0 -139.868 0 78.7487 1278.39 0 0 0 1 
64.7375 0 -127.554 1668.26 0 143.042 0 0 127.554 0 64.7375 -281.028 0 0 0 1 
74.5874 0 -130.842 -138.291 0 150.608 0 0 130.842 0 74.5874 1526.39 0 0 0 1 
129.498 0 -69.052 205.928 0 146.758 0 0 69.052 0 129.498 -1797.02 0 0 0 1 
64.1648 0 -141.739 818.457 0 155.586 0 0 141.739 0 64.1648 61.0886 0 0 0 1 
144.09 0 -56.0032 740.056 0 154.591 0 0 56.0032 0 144.09 -472.257 0 0 0 1 
0.965568 0 -142.973 659.173 0 142.976 0 0 142.973 0 0.965568 -1189.22 0 0 0 1 
135.445 0 50.1098 1766.74 0 144.417 0 0 -50.1098 0 135.445 654.433 0 0 0 1 
106.558 0 96.9221 1165.37 0 144.044 0 0 -96.9221 0 106.558 -1791.5 0 0 0 1 
113.166 0 -88.2303 265.246 0 143.496 0 0 88.2303 0 113.166 202.063 0 0 0 1 
146.221 0 -47.877 1060.14 0 153.86 0 0 47.877 0 146.221 -1043.63 0 0 0 1 
-132.701 0 -56.594 -292.361 0 144.265 0 0 56.594 0 -132.701 191.134 0 0 0 1 
-26.6223 0 -155.551 -1546.98 0 157.813 0 0 155.551 0 -26.6223 948.573 0 0 0 1 
-99.0323 0 100.776 -596.472 0 141.291 0 0 -100.776 0 -99.0323 1287.66 0 0 0 1 
81.2382 0 122.974 474.801 0 147.385 0 0 -122.974 0 81.2382 -357.853 0 0 0 1 
68.0671 0 145.396 497.772 0 160.54 0 0 -145.396 0 68.0671 -1429.6 0 0 0 1 
-2.73277 0 147.53 1773.31 0 147.556 0 0 -147.53 0 -2.73277 317.059 0 0 0 1 
-94.0153 0 122.885 -510.964 0 154.724 0 0 -122.885 0 -94.0153 346.946 0 0 0 1 
142.243 0 55.7524 473.209 0 152.779 0 0 -55.7524 0 142.243 1376.31 0 0 0 1 
-99.9884 0 -98.9168 1682.97 0 140.649 0 0 98.9168 0 -99.9884 -1787.53 0 0 0 1 
42.1126 0 149.4 1679.91 0 155.222 0 0 -149.4 0 42.1126 28.8539 0 0 0 1 
-133.514 0 -80.0464 1361.05 0 155.671 0 0 80.0464 0 -133.514 416.001 0 0 0 1 
146.675 0 -57.6288 1648.59 0 157.59 0 0 57.6288 0 146.675 -1818.09 0 0 0 1 
-139.306 0 -64.7693 1429.47 0 153.626 0 0 64.7693 0 -139.306 948.588 0 0 0 1 
138.885 0 49.254 357.199 0 147.36 0 0 -49.254 0 138.885 950.844 0 0 0 1 
-63.3063 0 141.77 -701.753 0 155.263 0 0 -141.77 0 -63.3063 1423.44 0 0 0 1 
0.631615 0 -152.213 -1925.01 0 152.215 0 0 152.213 0 0.631615 -1815.95 0 0 0 1 
-142.446 0 -3.03931 -1920.56 0 142.478 0 0 3.03931 0 -142.446 -775.39 0 0 0 1 
-106.534 0 -110.227 361.265 0 153.296 0 0 110.227 0 -106.534 186.794 0 0 0 1 
83.5384 0 128.36 669.607 0 153.15 0 0 -128.36 0 83.5384 -266.307 0 0 0 1 
-157.606 0 -4.08605 -1351.67 0 157.659 0 0 4.08605 0 -157.606 -392.124 0 0 0 1 
52.8232 0 139.778 162.494 0 149.426 0 0 -139.778 0 52.8232 1126.02 0 0 0 1 
-34.3875 0 -146.228 -666.05 0 150.217 0 0 146.228 0 -34.3875 1448.51 0 0 0 1 
-65.1825 0 142.525 1089.09 0 156.723 0 0 -142.525 0 -65.1825 -1733.67 0 0 0 1 
105.667 0 -96.5607 610.604 0 143.141 0 0 96.5607 0 105.667 -418.654 0 0 0 1 
137.937 0 -72.858 1474.08 0 155.997 0 0 72.858 0 137.937 25.4009 0 0 0 1 
-42.9054 0 -142.327 -1206.3 0 148.654 0 0 142.327 0 -42.9054 81.0857 0 0 0 1 
45.1013 0 -135.576 792.777 0 142.881 0 0 135.576 0 45.1013 -949.337 0 0 0 1 
61.2881 0 -145.613 -117.339 0 157.985 0 0 145.613 0 61.2881 265.436 0 0 0 1 
-30.8947 0 -140.82 1171.25 0 144.169 0 0 140.82 0 -30.8947 428.442 0 0 0 1 
-106.92 0 105.129 -1674.58 0 149.947 0 0 -105.129 0 -106.92 442.343 0 0 0 1 
56.3918 0 -129.857 -1797.23 0 141.573 0 0 129.857 0 56.3918 642.568 0 0 0 1 
60.3986 0 -137.472 94.4951 0 150.155 0 0 137.472 0 60.3986 -1120.09 0 0 0 1 
-151.695 0 31.553 -1977.78 0 154.942 0 0 -31.553 0 -151.695 -328.717 0 0 0 1 
75.0904 0 139.792 1276.9 0 158.684 0 0 -139.792 0 75.0904 -1689.56 0 0 0 1 
89.4395 0 120.159 1767.14 0 149.792 0 0 -120.159 0 89.4395 -394.965 0 0 0 1 
-43.9145 0 -146.528 -1425.15 0 152.967 0 0 146.528 0 -43.9145 1215.1 0 0 0 1 
37.0904 0 -139.55 319.173 0 144.395 0 0 139.55 0 37.0904 -788.54 0 0 0 1 
106.803 0 -117.102 -1788.6 0 158.492 0 0 117.102 0 106.803 -432.145 0 0 0 1 
-133.104 0 -84.5931 -1000.73 0 157.711 0 0 84.5931 0 -133.104 357.543 0 0 0 1 
-21.5795 0 154.49 -695.598 0 155.989 0 0 -154.49 0 -21.5795 1660.07 0 0 0 1 
37.7014 0 -147.556 1421.69 0 152.296 0 0 147.556 0 37.7014 1518.76 0 0 0 1 
136.877 0 -66.7996 -1865.69 0 152.307 0 0 66.7996 0 136.877 -822.571 0 0 0 1 
-88.2124 0 124.281 -1482.06 0 152.404 0 0 -124.281 0 -88.2124 -486.953 0 0 0 1 
-1.31071 0 -143.532 -1228.09 0 143.538 0 0 143.532 0 -1.31071 -1778.36 0 0 0 1 
-136.75 0 -72.1124 -1731.35 0 154.598 0 0 72.1124 0 -136.75 -1042.09 0 0 0 1 
58.1272 0 -142.531 410.075 0 153.928 0 0 142.531 0 58.1272 -59.2432 0 0 0 1 
-30.2511 0 143.788 1533.52 0 146.936 0 0 -143.788 0 -30.2511 1009.44 0 0 0 1 
-16.7729 0 -144.047 633.122 0 145.02 0 0 144.047 0 -16.7729 940.088 0 0 0 1 
93.5622 0 -117.727 -829.487 0 150.378 0 0 117.727 0 93.5622 1000.18 0 0 0 1 
139.958 0 -30.9341 872.485 0 143.336 0 0 30.9341 0 139.958 -1107.96 0 0 0 1 
87.2722 0 -118.02 445.932 0 146.782 0 0 118.02 0 87.2722 1257.69 0 0 0 1 
84.1965 0 -126.31 915.74 0 151.8 0 0 126.31 0 84.1965 -699.188 0 0 0 1 
140.516 0 -21.9102 -1076.82 0 142.214 0 0 21.9102 0 140.516 526.471 0 0 0 1 
-145.553 0 -53.8155 -1131.53 0 155.183 0 0 53.8155 0 -145.553 429.617 0 0 0 1 
117.244 0 -94.6764 -919.754 0 150.698 0 0 94.6764 0 117.244 1707.22 0 0 0 1 
101.928 0 105.523 -1854.8 0 146.712 0 0 -105.523 0 101.928 133.818 0 0 0 1 
-36.004 0 152.703 914.954 0 156.89 0 0 -152.703 0 -36.004 -1027.57 0 0 0 1 
124.378 0 76.1842 -1983.58 0 145.856 0 0 -76.1842 0 124.378 190.853 0 0 0 1 
-86.3849 0 -129.191 -655.425 0 155.411 0 0 129.191 0 -86.3849 1533.84 0 0 0 1 
-86.9041 0 -126.682 1236.55 0 153.625 0 0 126.682 0 -86.9041 -1794.1 0 0 0 1 
158.381 0 -11.4794 1406.77 0 158.796 0 0 11.4794 0 158.381 618.879 0 0 0 1 
39.9507 0 151.897 804.286 0 157.063 0 0 -151.897 0 39.9507 1084.67 0 0 0 1 
99.2463 0 -111.503 294.549 0 149.274 0 0 111.503 0 99.2463 1897.21 0 0 0 1 
-100.306 0 -109.363 -1879.47 0 148.397 0 0 109.363 0 -100.306 1081.82 0 0 0 1 
-103.246 0 -98.2048 1640.81 0 142.492 0 0 98.2048 0 -103.246 1388.02 0 0 0 1 
131.71 0 85.0182 871.026 0 156.766 0 0 -85.0182 0 131.71 63.47 0 0 0 1 
15.8188 0 -141.121 406.631 0 142.005 0 0 141.121 0 15.8188 1929.35 0 0 0 1 
-4.90333 0 -158.478 1635.31 0 158.554 0 0 158.478 0 -4.90333 -169.76 0 0 0 1 
126.738 0 -85.1392 -25.4424 0 152.68 0 0 85.1392 0 126.738 -1641.75 0 0 0 1 
144.255 0 -22.9902 -1796.95 0 146.076 0 0 22.9902 0 144.255 1883.45 0 0 0 1 
-4.61179 0 152.954 -692.9 0 153.024 0 0 -152.954 0 -4.61179 777.948 0 0 0 1 
65.0632 0 -132.229 -1353.36 0 147.369 0 0 132.229 0 65.0632 1540.37 0 0 0 1 
141.89 0 57.3589 -1273.59 0 153.045 0 0 -57.3589 0 141.89 -1651.57 0 0 0 1 
157.596 0 -26.8765 -1327.4 0 159.871 0 0 26.8765 0 157.596 -842.665 0 0 0 1 
124.296 0 -93.3069 393.729 0 155.421 0 0 93.3069 0 124.296 1975.98 0 0 0 1 
-40.2938 0 -140.83 -1394.48 0 146.481 0 0 140.83 0 -40.2938 816.301 0 0 0 1 
-27.2729 0 149.596 -382.48 0 152.061 0 0 -149.596 0 -27.2729 -1408.81 0 0 0 1 
0.480217 0 -149.994 187.795 0 149.995 0 0 149.994 0 0.480217 -132.065 0 0 0 1 
-140.573 0 52.9685 -359.759 0 150.221 0 0 -52.9685 0 -140.573 -583.137 0 0 0 1 
110.646 0 -95.2571 -322.839 0 146.001 0 0 95.2571 0 110.646 978.251 0 0 0 1 
36.9809 0 -141.606 1422.74 0 146.356 0 0 141.606 0 36.9809 1890.38 0 0 0 1 
-128.206 0 -94.7827 933.699 0 159.438 0 0 94.7827 0 -128.206 307.145 0 0 0 1 
-29.3387 0 -145.293 -392.892 0 148.225 0 0 145.293 0 -29.3387 678.627 0 0 0 1 
147.6 0 -57.208 -1782.47 0 158.299 0 0 57.208 0 147.6 1909.64 0 0 0 1 
50.0495 0 146.513 1794.63 0 154.826 0 0 -146.513 0 50.0495 1637.99 0 0 0 1 
144.5 0 -65.3411 1650.93 0 158.587 0 0 65.3411 0 144.5 -966.334 0 0 0 1 
53.9048 0 -149.048 -1324.64 0 158.497 0 0 149.048 0 53.9048 1318.02 0 0 0 1 
-89.2409 0 122.279 1795.58 0 151.381 0 0 -122.279 0 -89.2409 -476.377 0 0 0 1 
-20.683 0 -157.14 1930 0 158.496 0 0 157.14 0 -20.683 -1356.44 0 0 0 1 
152.753 0 -49.3464 351.1 0 160.526 0 0 49.3464 0 152.753 949.195 0 0 0 1 
-148.98 0 -44.4925 -1055 0 155.482 0 0 44.4925 0 -148.98 -692.933 0 0 0 1 
-59.9551 0 -140.066 -1087.13 0 152.358 0 0 140.066 0 -59.9551 -484.004 0 0 0 1 
-93.9884 0 105.859 -986.121 0 141.563 0 0 -105.859 0 -93.9884 1781.09 0 0 0 1 
68.7343 0 134.727 -112.098 0 151.247 0 0 -134.727 0 68.7343 64.811 0 0 0 1 
48.9026 0 -132.194 -1542.3 0 140.949 0 0 132.194 0 48.9026 804.319 0 0 0 1 
95.8203 0 121.121 1308.16 0 154.441 0 0 -121.121 0 95.8203 1351.56 0 0 0 1 
-150.526 0 -29.4563 -1249.15 0 153.381 0 0 29.4563 0 -150.526 -1927.9 0 0 0 1 
140.659 0 -71.5224 135.378 0 157.799 0 0 71.5224 0 140.659 834.824 0 0 0 1 
13.3855 0 158.551 1659.45 0 159.115 0 0 -158.551 0 13.3855 1918.9 0 0 0 1 
128.734 0 -79.0883 1300.48 0 151.087 0 0 79.0883 0 128.734 -1455.43 0 0 0 1 
-42.4004 0 -143.346 -1560.34 0 149.486 0 0 143.346 0 -42.4004 -642.778 0 0 0 1 
129.194 0 -58.8279 -1677.14 0 141.957 0 0 58.8279 0 129.194 -1965.01 0 0 0 1 
-140.631 0 50.9905 -252.029 0 149.589 0 0 -50.9905 0 -140.631 1598.58 0 0 0 1 
-57.0837 0 -131.715 -203.622 0 143.553 0 0 131.715 0 -57.0837 1575.69 0 0 0 1 
-114.408 0 97.2633 769.357 0 150.164 0 0 -97.2633 0 -114.408 -1057.15 0 0 0 1 
-68.5797 0 136.392 -1547.75 0 152.663 0 0 -136.392 0 -68.5797 1947.14 0 0 0 1 
-7.5903 0 -144.904 437.209 0 145.103 0 0 144.904 0 -7.5903 -264.741 0 0 0 1 
-75.6041 0 141.545 -458.279 0 160.471 0 0 -141.545 0 -75.6041 -97.1985 0 0 0 1 
-8.0142 0 -143.647 883.121 0 143.871 0 0 143.647 0 -8.0142 921.034 0 0 0 1 
149.917 0 1.95588 1922.75 0 149.93 0 0 -1.95588 0 149.917 -1569.7 0 0 0 1 
132.055 0 65.8352 387.005 0 147.556 0 0 -65.8352 0 132.055 1768.24 0 0 0 1 
-38.4415 0 -143.346 -1407.86 0 148.411 0 0 143.346 0 -38.4415 -245.172 0 0 0 1 
-17.1687 0 149.633 -347.878 0 150.614 0 0 -149.633 0 -17.1687 541.473 0 0 0 1 
-6.43495 0 -153.427 -1326.34 0 153.562 0 0 153.427 0 -6.43495 -1845.62 0 0 0 1 
-133.32 0 -56.2712 448.53 0 144.709 0 0 56.2712 0 -133.32 -1133.41 0 0 0 1 
130.243 0 -64.5122 150.146 0 145.345 0 0 64.5122 0 130.243 446.813 0 0 0 1 
-48.136 0 134.558 -1893.92 0 142.908 0 0 -134.558 0 -48.136 1644.36 0 0 0 1 
105.426 0 -95.4466 540.27 0 142.214 0 0 95.4466 0 105.426 927.629 0 0 0 1 
-93.5569 0 124.782 887.334 0 155.959 0 0 -124.782 0 -93.5569 310.842 0 0 0 1 
152.494 0 -29.0843 523.167 0 155.243 0 0 29.0843 0 152.494 1103.8 0 0 0 1 
135.383 0 56.9503 1770.5 0 146.874 0 0 -56.9503 0 135.383 1554.71 0 0 0 1 
102.106 0 120.006 11.2843 0 157.566 0 0 -120.006 0 102.106 244.231 0 0 0 1 
105.434 0 103.228 682.263 0 147.555 0 0 -103.228 0 105.434 -705.578 0 0 0 1 
48.8403 0 -140.544 -1472.56 0 148.788 0 0 140.544 0 48.8403 -876.939 0 0 0 1 
65.3402 0 -126.137 -137.791 0 142.056 0 0 126.137 0 65.3402 1597.29 0 0 0 1 
-142.174 0 71.614 559.508 0 159.192 0 0 -71.614 0 -142.174 1291.45 0 0 0 1 
-66.3584 0 -133.763 -149.534 0 149.318 0 0 133.763 0 -66.3584 -964.588 0 0 0 1 
73.3353 0 -128.55 646.322 0 147.997 0 0 128.55 0 73.3353 1607.13 0 0 0 1 
124.855 0 96.0054 -953.756 0 157.498 0 0 -96.0054 0 124.855 -1425.03 0 0 0 1 
89.3188 0 -120.572 -1099.09 0 150.051 0 0 120.572 0 89.3188 1127.94 0 0 0 1 
-11.0219 0 143.441 -13.561 0 143.864 0 0 -143.441 0 -11.0219 1860.59 0 0 0 1 
134.512 0 44.1993 -3.90405 0 141.588 0 0 -44.1993 0 134.512 -93.8051 0 0 0 1 
-42.1631 0 -154.102 1673.71 0 159.766 0 0 154.102 0 -42.1631 1862.18 0 0 0 1 
16.364 0 140.847 -1910.6 0 141.794 0 0 -140.847 0 16.364 916.986 0 0 0 1 
117.962 0 -90.4909 1215.38 0 148.673 0 0 90.4909 0 117.962 237.131 0 0 0 1 
84.3112 0 -134.332 572.336 0 158.598 0 0 134.332 0 84.3112 -1951.59 0 0 0 1 
79.9814 0 -127.586 1433.77 0 150.583 0 0 127.586 0 79.9814 -1318.15 0 0 0 1 
-96.1315 0 -112.125 -1687.65 0 147.693 0 0 112.125 0 -96.1315 -968.384 0 0 0 1 
125.761 0 92.406 -387.23 0 156.06 0 0 -92.406 0 125.761 -322.442 0 0 0 1 
-33.2885 0 137.39 -1845.29 0 141.365 0 0 -137.39 0 -33.2885 -1965.57 0 0 0 1 
65.6453 0 130.071 -441.021 0 145.698 0 0 -130.071 0 65.6453 -1032.07 0 0 0 1 
144.825 0 55.1783 -1055.13 0 154.981 0 0 -55.1783 0 144.825 -1361.34 0 0 0 1 
-10.2174 0 -158.235 1557.59 0 158.565 0 0 158.235 0 -10.2174 1018.86 0 0 0 1 
51.0441 0 142.036 428.472 0 150.929 0 0 -142.036 0 51.0441 -309.021 0 0 0 1 
69.6626 0 129.703 -1737.63 0 147.227 0 0 -129.703 0 69.6626 -0.342651 0 0 0 1 
56.5498 0 141.942 1862.26 0 152.792 0 0 -141.942 0 56.5498 -992.023 0 0 0 1 
-153.362 0 4.77499 928.48 0 153.436 0 0 -4.77499 0 -153.362 897.062 0 0 0 1 
-152.847 0 46.4019 1497.75 0 159.735 0 0 -46.4019 0 -152.847 -248.003 0 0 0 1 
-107.701 0 96.1516 -51.1847 0 144.377 0 0 -96.1516 0 -107.701 -1740.88 0 0 0 1 
-105.791 0 -108.366 1547.13 0 151.443 0 0 108.366 0 -105.791 1040.87 0 0 0 1 
-16.909 0 -158.839 -367.762 0 159.736 0 0 158.839 0 -16.909 1543.52 0 0 0 1 
-61.0767 0 138.756 -355.58 0 151.603 0 0 -138.756 0 -61.0767 353.656 0 0 0 1 
158.968 0 9.2905 -1990.7 0 159.239 0 0 -9.2905 0 158.968 927.035 0 0 0 1 
-113.195 0 -93.0262 1088.37 0 146.516 0 0 93.0262 0 -113.195 -192.275 0 0 0 1 
134.176 0 -65.465 -673.954 0 149.294 0 0 65.465 0 134.176 876.878 0 0 0 1 
-121.553 0 -72.2129 -1621.24 0 141.386 0 0 72.2129 0 -121.553 -1080.58 0 0 0 1 
151.119 0 -5.35422 710.57 0 151.214 0 0 5.35422 0 151.119 1712.89 0 0 0 1 
-68.1431 0 -140.442 -194.197 0 156.101 0 0 140.442 0 -68.1431 -606.175 0 0 0 1 
34.6128 0 154.11 659.292 0 157.95 0 0 -154.11 0 34.6128 607.858 0 0 0 1 
111.641 0 -101.111 -1538.3 0 150.623 0 0 101.111 0 111.641 -1141.99 0 0 0 1 
-135.835 0 59.2518 285.306 0 148.196 0 0 -59.2518 0 -135.835 841.976 0 0 0 1 
118.849 0 105.378 -1683.58 0 158.838 0 0 -105.378 0 118.849 -112.784 0 0 0 1 
-142.722 0 8.18577 -1878.57 0 142.956 0 0 -8.18577 0 -142.722 -28.5527 0 0 0 1 
-149.956 0 31.8305 -790.839 0 153.297 0 0 -31.8305 0 -149.956 -1070.71 0 0 0 1 
145.276 0 -32.2032 -1459.74 0 148.803 0 0 32.2032 0 145.276 48.8975 0 0 0 1 
71.9915 0 -124.18 265.597 0 143.539 0 0 124.18 0 71.9915 -970.524 0 0 0 1 
88.7458 0 132.496 1374.05 0 159.471 0 0 -132.496 0 88.7458 122.323 0 0 0 1 
-69.2414 0 141.285 -417.526 0 157.34 0 0 -141.285 0 -69.2414 -52.8335 0 0 0 1 
-147.598 0 62.1103 374.213 0 160.134 0 0 -62.1103 0 -147.598 -902.135 0 0 0 1 
105.911 0 -115.627 -1878.72 0 156.801 0 0 115.627 0 105.911 1034.48 0 0 0 1 
22.2847 0 148.64 1707.86 0 150.301 0 0 -148.64 0 22.2847 1422.35 0 0 0 1 
5.09866 0 -150.204 -1635.89 0 150.291 0 0 150.204 0 5.09866 1053.05 0 0 0 1 
-70.3474 0 126.676 16.8024 0 144.898 0 0 -126.676 0 -70.3474 1413.59 0 0 0 1 
-115.767 0 -103.421 1972.69 0 155.235 0 0 103.421 0 -115.767 -952.91 0 0 0 1 
115.776 0 -105.006 816.07 0 156.302 0 0 105.006 0 115.776 -1952.9 0 0 0 1 
-26.7154 0 -144.808 -1906.64 0 147.252 0 0 144.808 0 -26.7154 -1340.48 0 0 0 1 
