# matrices
1 0 0 -1900 0 1 0 0 0 0 1 -1900 0 0 0 1 
1 0 0 -1700 0 1 0 0 0 0 1 -1900 0 0 0 1 
1 0 0 -1500 0 1 0 0 0 0 1 -1900 0 0 0 1 
1 0 0 -1300 0 1 0 0 0 0 1 -1900 0 0 0 1 
1 0 0 -1100 0 1 0 0 0 0 1 -1900 0 0 0 1 
1 0 0 -900 0 1 0 0 0 0 1 -1900 0 0 0 1 
1 0 0 -700 0 1 0 0 0 0 1 -1900 0 0 0 1 
1 0 0 -500 0 1 0 0 0 0 1 -1900 0 0 0 1 
1 0 0 -300 0 1 0 0 0 0 1 -1900 0 0 0 1 
1 0 0 -100 0 1 0 0 0 0 1 -1900 0 0 0 1 
1 0 0 100 0 1 0 0 0 0 1 -1900 0 0 0 1 
1 0 0 300 0 1 0 0 0 0 1 -1900 0 0 0 1 
1 0 0 500 0 1 0 0 0 0 1 -1900 0 0 0 1 
1 0 0 700 0 1 0 0 0 0 1 -1900 0 0 0 1 
1 0 0 900 0 1 0 0 0 0 1 -1900 0 0 0 1 
1 0 0 1100 0 1 0 0 0 0 1 -1900 0 0 0 1 
1 0 0 1300 0 1 0 0 0 0 1 -1900 0 0 0 1 
1 0 0 1500 0 1 0 0 0 0 1 -1900 0 0 0 1 
1 0 0 1700 0 1 0 0 0 0 1 -1900 0 0 0 1 
1 0 0 1900 0 1 0 0 0 0 1 -1900 0 0 0 1 
1 0 0 -1900 0 1 0 0 0 0 1 -1700 0 0 0 1 
1 0 0 -1700 0 1 0 0 0 0 1 -1700 0 0 0 1 
1 0 0 -1500 0 1 0 0 0 0 1 -1700 0 0 0 1 
1 0 0 -1300 0 1 0 0 0 0 1 -1700 0 0 0 1 
1 0 0 -1100 0 1 0 0 0 0 1 -1700 0 0 0 1 
1 0 0 -900 0 1 0 0 0 0 1 -1700 0 0 0 1 
1 0 0 -700 0 1 0 0 0 0 1 -1700 0 0 0 1 
1 0 0 -500 0 1 0 0 0 0 1 -1700 0 0 0 1 
1 0 0 -300 0 1 0 0 0 0 1 -1700 0 0 0 1 
1 0 0 -100 0 1 0 0 0 0 1 -1700 0 0 0 1 
1 0 0 100 0 1 0 0 0 0 1 -1700 0 0 0 1 
1 0 0 300 0 1 0 0 0 0 1 -1700 0 0 0 1 
1 0 0 500 0 1 0 0 0 0 1 -1700 0 0 0 1 
1 0 0 700 0 1 0 0 0 0 1 -1700 0 0 0 1 
1 0 0 900 0 1 0 0 0 0 1 -1700 0 0 0 1 
1 0 0 1100 0 1 0 0 0 0 1 -1700 0 0 0 1 
1 0 0 1300 0 1 0 0 0 0 1 -1700 0 0 0 1 
1 0 0 1500 0 1 0 0 0 0 1 -1700 0 0 0 1 
1 0 0 1700 0 1 0 0 0 0 1 -1700 0 0 0 1 
1 0 0 1900 0 1 0 0 0 0 1 -1700 0 0 0 1 
1 0 0 -1900 0 1 0 0 0 0 1 -1500 0 0 0 1 
1 0 0 -1700 0 1 0 0 0 0 1 -1500 0 0 0 1 
1 0 0 -1500 0 1 0 0 0 0 1 -1500 0 0 0 1 
1 0 0 -1300 0 1 0 0 0 0 1 -1500 0 0 0 1 
1 0 0 -1100 0 1 0 0 0 0 1 -1500 0 0 0 1 
1 0 0 -900 0 1 0 0 0 0 1 -1500 0 0 0 1 
1 0 0 -700 0 1 0 0 0 0 1 -1500 0 0 0 1 
1 0 0 -500 0 1 0 0 0 0 1 -1500 0 0 0 1 
1 0 0 -300 0 1 0 0 0 0 1 -1500 0 0 0 1 
1 0 0 -100 0 1 0 0 0 0 1 -1500 0 0 0 1 
1 0 0 100 0 1 0 0 0 0 1 -1500 0 0 0 1 
1 0 0 300 0 1 0 0 0 0 1 -1500 0 0 0 1 
1 0 0 500 0 1 0 0 0 0 1 -1500 0 0 0 1 
1 0 0 700 0 1 0 0 0 0 1 -1500 0 0 0 1 
1 0 0 900 0 1 0 0 0 0 1 -1500 0 0 0 1 
1 0 0 1100 0 1 0 0 0 0 1 -1500 0 0 0 1 
1 0 0 1300 0 1 0 0 0 0 1 -1500 0 0 0 1 
1 0 0 1500 0 1 0 0 0 0 1 -1500 0 0 0 1 
1 0 0 1700 0 1 0 0 0 0 1 -1500 0 0 0 1 
1 0 0 1900 0 1 0 0 0 0 1 -1500 0 0 0 1 
1 0 0 -1900 0 1 0 0 0 0 1 -1300 0 0 0 1 
1 0 0 -1700 0 1 0 0 0 0 1 -1300 0 0 0 1 
1 0 0 -1500 0 1 0 0 0 0 1 -1300 0 0 0 1 
1 0 0 -1300 0 1 0 0 0 0 1 -1300 0 0 0 1 
1 0 0 -1100 0 1 0 0 0 0 1 -1300 0 0 0 1 
1 0 0 -900 0 1 0 0 0 0 1 -1300 0 0 0 1 
1 0 0 -700 0 1 0 0 0 0 1 -1300 0 0 0 1 
1 0 0 -500 0 1 0 0 0 0 1 -1300 0 0 0 1 
1 0 0 -300 0 1 0 0 0 0 1 -1300 0 0 0 1 
1 0 0 -100 0 1 0 0 0 0 1 -1300 0 0 0 1 
1 0 0 100 0 1 0 0 0 0 1 -1300 0 0 0 1 
1 0 0 300 0 1 0 0 0 0 1 -1300 0 0 0 1 
1 0 0 500 0 1 0 0 0 0 1 -1300 0 0 0 1 
1 0 0 700 0 1 0 0 0 0 1 -1300 0 0 0 1 
1 0 0 900 0 1 0 0 0 0 1 -1300 0 0 0 1 
1 0 0 1100 0 1 0 0 0 0 1 -1300 0 0 0 1 
1 0 0 1300 0 1 0 0 0 0 1 -1300 0 0 0 1 
1 0 0 1500 0 1 0 0 0 0 1 -1300 0 0 0 1 
1 0 0 1700 0 1 0 0 0 0 1 -1300 0 0 0 1 
1 0 0 1900 0 1 0 0 0 0 1 -1300 0 0 0 1 
1 0 0 -1900 0 1 0 0 0 0 1 -1100 0 0 0 1 
1 0 0 -1700 0 1 0 0 0 0 1 -1100 0 0 0 1 
1 0 0 -1500 0 1 0 0 0 0 1 -1100 0 0 0 1 
1 0 0 -1300 0 1 0 0 0 0 1 -1100 0 0 0 1 
1 0 0 -1100 0 1 0 0 0 0 1 -1100 0 0 0 1 
1 0 0 -900 0 1 0 0 0 0 1 -1100 0 0 0 1 
1 0 0 -700 0 1 0 0 0 0 1 -1100 0 0 0 1 
1 0 0 -500 0 1 0 0 0 0 1 -1100 0 0 0 1 
1 0 0 -300 0 1 0 0 0 0 1 -1100 0 0 0 1 
1 0 0 -100 0 1 0 0 0 0 1 -1100 0 0 0 1 
1 0 0 100 0 1 0 0 0 0 1 -1100 0 0 0 1 
1 0 0 300 0 1 0 0 0 0 1 -1100 0 0 0 1 
1 0 0 500 0 1 0 0 0 0 1 -1100 0 0 0 1 
1 0 0 700 0 1 0 0 0 0 1 -1100 0 0 0 1 
1 0 0 900 0 1 0 0 0 0 1 -1100 0 0 0 1 
1 0 0 1100 0 1 0 0 0 0 1 -1100 0 0 0 1 
1 0 0 1300 0 1 0 0 0 0 1 -1100 0 0 0 1 
1 0 0 1500 0 1 0 0 0 0 1 -1100 0 0 0 1 
1 0 0 1700 0 1 0 0 0 0 1 -1100 0 0 0 1 
1 0 0 1900 0 1 0 0 0 0 1 -1100 0 0 0 1 
1 0 0 -1900 0 1 0 0 0 0 1 -900 0 0 0 1 
1 0 0 -1700 0 1 0 0 0 0 1 -900 0 0 0 1 
1 0 0 -1500 0 1 0 0 0 0 1 -900 0 0 0 1 
1 0 0 -1300 0 1 0 0 0 0 1 -900 0 0 0 1 
1 0 0 -1100 0 1 0 0 0 0 1 -900 0 0 0 1 
1 0 0 -900 0 1 0 0 0 0 1 -900 0 0 0 1 
1 0 0 -700 0 1 0 0 0 0 1 -900 0 0 0 1 
1 0 0 -500 0 1 0 0 0 0 1 -900 0 0 0 1 
1 0 0 -300 0 1 0 0 0 0 1 -900 0 0 0 1 
1 0 0 -100 0 1 0 0 0 0 1 -900 0 0 0 1 
1 0 0 100 0 1 0 0 0 0 1 -900 0 0 0 1 
1 0 0 300 0 1 0 0 0 0 1 -900 0 0 0 1 
1 0 0 500 0 1 0 0 0 0 1 -900 0 0 0 1 
1 0 0 700 0 1 0 0 0 0 1 -900 0 0 0 1 
1 0 0 900 0 1 0 0 0 0 1 -900 0 0 0 1 
1 0 0 1100 0 1 0 0 0 0 1 -900 0 0 0 1 
1 0 0 1300 0 1 0 0 0 0 1 -900 0 0 0 1 
1 0 0 1500 0 1 0 0 0 0 1 -900 0 0 0 1 
1 0 0 1700 0 1 0 0 0 0 1 -900 0 0 0 1 
1 0 0 1900 0 1 0 0 0 0 1 -900 0 0 0 1 
1 0 0 -1900 0 1 0 0 0 0 1 -700 0 0 0 1 
1 0 0 -1700 0 1 0 0 0 0 1 -700 0 0 0 1 
1 0 0 -1500 0 1 0 0 0 0 1 -700 0 0 0 1 
1 0 0 -1300 0 1 0 0 0 0 1 -700 0 0 0 1 
1 0 0 -1100 0 1 0 0 0 0 1 -700 0 0 0 1 
1 0 0 -900 0 1 0 0 0 0 1 -700 0 0 0 1 
1 0 0 -700 0 1 0 0 0 0 1 -700 0 0 0 1 
1 0 0 -500 0 1 0 0 0 0 1 -700 0 0 0 1 
1 0 0 -300 0 1 0 0 0 0 1 -700 0 0 0 1 
1 0 0 -100 0 1 0 0 0 0 1 -700 0 0 0 1 
1 0 0 100 0 1 0 0 0 0 1 -700 0 0 0 1 
1 0 0 300 0 1 0 0 0 0 1 -700 0 0 0 1 
1 0 0 500 0 1 0 0 0 0 1 -700 0 0 0 1 
1 0 0 700 0 1 0 0 0 0 1 -700 0 0 0 1 
1 0 0 900 0 1 0 0 0 0 1 -700 0 0 0 1 
1 0 0 1100 0 1 0 0 0 0 1 -700 0 0 0 1 
1 0 0 1300 0 1 0 0 0 0 1 -700 0 0 0 1 
1 0 0 1500 0 1 0 0 0 0 1 -700 0 0 0 1 
1 0 0 1700 0 1 0 0 0 0 1 -700 0 0 0 1 
1 0 0 1900 0 1 0 0 0 0 1 -700 0 0 0 1 
1 0 0 -1900 0 1 0 0 0 0 1 -500 0 0 0 1 
1 0 0 -1700 0 1 0 0 0 0 1 -500 0 0 0 1 
1 0 0 -1500 0 1 0 0 0 0 1 -500 0 0 0 1 
1 0 0 -1300 0 1 0 0 0 0 1 -500 0 0 0 1 
1 0 0 -1100 0 1 0 0 0 0 1 -500 0 0 0 1 
1 0 0 -900 0 1 0 0 0 0 1 -500 0 0 0 1 
1 0 0 -700 0 1 0 0 0 0 1 -500 0 0 0 1 
1 0 0 -500 0 1 0 0 0 0 1 -500 0 0 0 1 
1 0 0 -300 0 1 0 0 0 0 1 -500 0 0 0 1 
1 0 0 -100 0 1 0 0 0 0 1 -500 0 0 0 1 
1 0 0 100 0 1 0 0 0 0 1 -500 0 0 0 1 
1 0 0 300 0 1 0 0 0 0 1 -500 0 0 0 1 
1 0 0 500 0 1 0 0 0 0 1 -500 0 0 0 1 
1 0 0 700 0 1 0 0 0 0 1 -500 0 0 0 1 
1 0 0 900 0 1 0 0 0 0 1 -500 0 0 0 1 
1 0 0 1100 0 1 0 0 0 0 1 -500 0 0 0 1 
1 0 0 1300 0 1 0 0 0 0 1 -500 0 0 0 1 
1 0 0 1500 0 1 0 0 0 0 1 -500 0 0 0 1 
1 0 0 1700 0 1 0 0 0 0 1 -500 0 0 0 1 
1 0 0 1900 0 1 0 0 0 0 1 -500 0 0 0 1 
1 0 0 -1900 0 1 0 0 0 0 1 -300 0 0 0 1 
1 0 0 -1700 0 1 0 0 0 0 1 -300 0 0 0 1 
1 0 0 -1500 0 1 0 0 0 0 1 -300 0 0 0 1 
1 0 0 -1300 0 1 0 0 0 0 1 -300 0 0 0 1 
1 0 0 -1100 0 1 0 0 0 0 1 -300 0 0 0 1 
1 0 0 -900 0 1 0 0 0 0 1 -300 0 0 0 1 
1 0 0 -700 0 1 0 0 0 0 1 -300 0 0 0 1 
1 0 0 -500 0 1 0 0 0 0 1 -300 0 0 0 1 
1 0 0 -300 0 1 0 0 0 0 1 -300 0 0 0 1 
1 0 0 -100 0 1 0 0 0 0 1 -300 0 0 0 1 
1 0 0 100 0 1 0 0 0 0 1 -300 0 0 0 1 
1 0 0 300 0 1 0 0 0 0 1 -300 0 0 0 1 
1 0 0 500 0 1 0 0 0 0 1 -300 0 0 0 1 
1 0 0 700 0 1 0 0 0 0 1 -300 0 0 0 1 
1 0 0 900 0 1 0 0 0 0 1 -300 0 0 0 1 
1 0 0 1100 0 1 0 0 0 0 1 -300 0 0 0 1 
1 0 0 1300 0 1 0 0 0 0 1 -300 0 0 0 1 
1 0 0 1500 0 1 0 0 0 0 1 -300 0 0 0 1 
1 0 0 1700 0 1 0 0 0 0 1 -300 0 0 0 1 
1 0 0 1900 0 1 0 0 0 0 1 -300 0 0 0 1 
1 0 0 -1900 0 1 0 0 0 0 1 -100 0 0 0 1 
1 0 0 -1700 0 1 0 0 0 0 1 -100 0 0 0 1 
1 0 0 -1500 0 1 0 0 0 0 1 -100 0 0 0 1 
1 0 0 -1300 0 1 0 0 0 0 1 -100 0 0 0 1 
1 0 0 -1100 0 1 0 0 0 0 1 -100 0 0 0 1 
1 0 0 -900 0 1 0 0 0 0 1 -100 0 0 0 1 
1 0 0 -700 0 1 0 0 0 0 1 -100 0 0 0 1 
1 0 0 -500 0 1 0 0 0 0 1 -100 0 0 0 1 
1 0 0 -300 0 1 0 0 0 0 1 -100 0 0 0 1 
1 0 0 -100 0 1 0 0 0 0 1 -100 0 0 0 1 
1 0 0 100 0 1 0 0 0 0 1 -100 0 0 0 1 
1 0 0 300 0 1 0 0 0 0 1 -100 0 0 0 1 
1 0 0 500 0 1 0 0 0 0 1 -100 0 0 0 1 
1 0 0 700 0 1 0 0 0 0 1 -100 0 0 0 1 
1 0 0 900 0 1 0 0 0 0 1 -100 0 0 0 1 
1 0 0 1100 0 1 0 0 0 0 1 -100 0 0 0 1 
1 0 0 1300 0 1 0 0 0 0 1 -100 0 0 0 1 
1 0 0 1500 0 1 0 0 0 0 1 -100 0 0 0 1 
1 0 0 1700 0 1 0 0 0 0 1 -100 0 0 0 1 
1 0 0 1900 0 1 0 0 0 0 1 -100 0 0 0 1 
1 0 0 -1900 0 1 0 0 0 0 1 100 0 0 0 1 
1 0 0 -1700 0 1 0 0 0 0 1 100 0 0 0 1 
1 0 0 -1500 0 1 0 0 0 0 1 100 0 0 0 1 
1 0 0 -1300 0 1 0 0 0 0 1 100 0 0 0 1 
1 0 0 -1100 0 1 0 0 0 0 1 100 0 0 0 1 
1 0 0 -900 0 1 0 0 0 0 1 100 0 0 0 1 
1 0 0 -700 0 1 0 0 0 0 1 100 0 0 0 1 
1 0 0 -500 0 1 0 0 0 0 1 100 0 0 0 1 
1 0 0 -300 0 1 0 0 0 0 1 100 0 0 0 1 
1 0 0 -100 0 1 0 0 0 0 1 100 0 0 0 1 
1 0 0 100 0 1 0 0 0 0 1 100 0 0 0 1 
1 0 0 300 0 1 0 0 0 0 1 100 0 0 0 1 
1 0 0 500 0 1 0 0 0 0 1 100 0 0 0 1 
1 0 0 700 0 1 0 0 0 0 1 100 0 0 0 1 
1 0 0 900 0 1 0 0 0 0 1 100 0 0 0 1 
1 0 0 1100 0 1 0 0 0 0 1 100 0 0 0 1 
1 0 0 1300 0 1 0 0 0 0 1 100 0 0 0 1 
1 0 0 1500 0 1 0 0 0 0 1 100 0 0 0 1 
1 0 0 1700 0 1 0 0 0 0 1 100 0 0 0 1 
1 0 0 1900 0 1 0 0 0 0 1 100 0 0 0 1 
1 0 0 -1900 0 1 0 0 0 0 1 300 0 0 0 1 
1 0 0 -1700 0 1 0 0 0 0 1 300 0 0 0 1 
1 0 0 -1500 0 1 0 0 0 0 1 300 0 0 0 1 
1 0 0 -1300 0 1 0 0 0 0 1 300 0 0 0 1 
1 0 0 -1100 0 1 0 0 0 0 1 300 0 0 0 1 
1 0 0 -900 0 1 0 0 0 0 1 300 0 0 0 1 
1 0 0 -700 0 1 0 0 0 0 1 300 0 0 0 1 
1 0 0 -500 0 1 0 0 0 0 1 300 0 0 0 1 
1 0 0 -300 0 1 0 0 0 0 1 300 0 0 0 1 
1 0 0 -100 0 1 0 0 0 0 1 300 0 0 0 1 
1 0 0 100 0 1 0 0 0 0 1 300 0 0 0 1 
1 0 0 300 0 1 0 0 0 0 1 300 0 0 0 1 
1 0 0 500 0 1 0 0 0 0 1 300 0 0 0 1 
1 0 0 700 0 1 0 0 0 0 1 300 0 0 0 1 
1 0 0 900 0 1 0 0 0 0 1 300 0 0 0 1 
1 0 0 1100 0 1 0 0 0 0 1 300 0 0 0 1 
1 0 0 1300 0 1 0 0 0 0 1 300 0 0 0 1 
1 0 0 1500 0 1 0 0 0 0 1 300 0 0 0 1 
1 0 0 1700 0 1 0 0 0 0 1 300 0 0 0 1 
1 0 0 1900 0 1 0 0 0 0 1 300 0 0 0 1 
1 0 0 -1900 0 1 0 0 0 0 1 500 0 0 0 1 
1 0 0 -1700 0 1 0 0 0 0 1 500 0 0 0 1 
1 0 0 -1500 0 1 0 0 0 0 1 500 0 0 0 1 
1 0 0 -1300 0 1 0 0 0 0 1 500 0 0 0 1 
1 0 0 -1100 0 1 0 0 0 0 1 500 0 0 0 1 
1 0 0 -900 0 1 0 0 0 0 1 500 0 0 0 1 
1 0 0 -700 0 1 0 0 0 0 1 500 0 0 0 1 
1 0 0 -500 0 1 0 0 0 0 1 500 0 0 0 1 
1 0 0 -300 0 1 0 0 0 0 1 500 0 0 0 1 
1 0 0 -100 0 1 0 0 0 0 1 500 0 0 0 1 
1 0 0 100 0 1 0 0 0 0 1 500 0 0 0 1 
1 0 0 300 0 1 0 0 0 0 1 500 0 0 0 1 
1 0 0 500 0 1 0 0 0 0 1 500 0 0 0 1 
1 0 0 700 0 1 0 0 0 0 1 500 0 0 0 1 
1 0 0 900 0 1 0 0 0 0 1 500 0 0 0 1 
1 0 0 1100 0 1 0 0 0 0 1 500 0 0 0 1 
1 0 0 1300 0 1 0 0 0 0 1 500 0 0 0 1 
1 0 0 1500 0 1 0 0 0 0 1 500 0 0 0 1 
1 0 0 1700 0 1 0 0 0 0 1 500 0 0 0 1 
1 0 0 1900 0 1 0 0 0 0 1 500 0 0 0 1 
1 0 0 -1900 0 1 0 0 0 0 1 700 0 0 0 1 
1 0 0 -1700 0 1 0 0 0 0 1 700 0 0 0 1 
1 0 0 -1500 0 1 0 0 0 0 1 700 0 0 0 1 
1 0 0 -1300 0 1 0 0 0 0 1 700 0 0 0 1 
1 0 0 -1100 0 1 0 0 0 0 1 700 0 0 0 1 
1 0 0 -900 0 1 0 0 0 0 1 700 0 0 0 1 
1 0 0 -700 0 1 0 0 0 0 1 700 0 0 0 1 
1 0 0 -500 0 1 0 0 0 0 1 700 0 0 0 1 
1 0 0 -300 0 1 0 0 0 0 1 700 0 0 0 1 
1 0 0 -100 0 1 0 0 0 0 1 700 0 0 0 1 
1 0 0 100 0 1 0 0 0 0 1 700 0 0 0 1 
1 0 0 300 0 1 0 0 0 0 1 700 0 0 0 1 
1 0 0 500 0 1 0 0 0 0 1 700 0 0 0 1 
1 0 0 700 0 1 0 0 0 0 1 700 0 0 0 1 
1 0 0 900 0 1 0 0 0 0 1 700 0 0 0 1 
1 0 0 1100 0 1 0 0 0 0 1 700 0 0 0 1 
1 0 0 1300 0 1 0 0 0 0 1 700 0 0 0 1 
1 0 0 1500 0 1 0 0 0 0 1 700 0 0 0 1 
1 0 0 1700 0 1 0 0 0 0 1 700 0 0 0 1 
1 0 0 1900 0 1 0 0 0 0 1 700 0 0 0 1 
1 0 0 -1900 0 1 0 0 0 0 1 900 0 0 0 1 
1 0 0 -1700 0 1 0 0 0 0 1 900 0 0 0 1 
1 0 0 -1500 0 1 0 0 0 0 1 900 0 0 0 1 
1 0 0 -1300 0 1 0 0 0 0 1 900 0 0 0 1 
1 0 0 -1100 0 1 0 0 0 0 1 900 0 0 0 1 
1 0 0 -900 0 1 0 0 0 0 1 900 0 0 0 1 
1 0 0 -700 0 1 0 0 0 0 1 900 0 0 0 1 
1 0 0 -500 0 1 0 0 0 0 1 900 0 0 0 1 
1 0 0 -300 0 1 0 0 0 0 1 900 0 0 0 1 
1 0 0 -100 0 1 0 0 0 0 1 900 0 0 0 1 
1 0 0 100 0 1 0 0 0 0 1 900 0 0 0 1 
1 0 0 300 0 1 0 0 0 0 1 900 0 0 0 1 
1 0 0 500 0 1 0 0 0 0 1 900 0 0 0 1 
1 0 0 700 0 1 0 0 0 0 1 900 0 0 0 1 
1 0 0 900 0 1 0 0 0 0 1 900 0 0 0 1 
1 0 0 1100 0 1 0 0 0 0 1 900 0 0 0 1 
1 0 0 1300 0 1 0 0 0 0 1 900 0 0 0 1 
1 0 0 1500 0 1 0 0 0 0 1 900 0 0 0 1 
1 0 0 1700 0 1 0 0 0 0 1 900 0 0 0 1 
1 0 0 1900 0 1 0 0 0 0 1 900 0 0 0 1 
1 0 0 -1900 0 1 0 0 0 0 1 1100 0 0 0 1 
1 0 0 -1700 0 1 0 0 0 0 1 1100 0 0 0 1 
1 0 0 -1500 0 1 0 0 0 0 1 1100 0 0 0 1 
1 0 0 -1300 0 1 0 0 0 0 1 1100 0 0 0 1 
1 0 0 -1100 0 1 0 0 0 0 1 1100 0 0 0 1 
1 0 0 -900 0 1 0 0 0 0 1 1100 0 0 0 1 
1 0 0 -700 0 1 0 0 0 0 1 1100 0 0 0 1 
1 0 0 -500 0 1 0 0 0 0 1 1100 0 0 0 1 
1 0 0 -300 0 1 0 0 0 0 1 1100 0 0 0 1 
1 0 0 -100 0 1 0 0 0 0 1 1100 0 0 0 1 
1 0 0 100 0 1 0 0 0 0 1 1100 0 0 0 1 
1 0 0 300 0 1 0 0 0 0 1 1100 0 0 0 1 
1 0 0 500 0 1 0 0 0 0 1 1100 0 0 0 1 
1 0 0 700 0 1 0 0 0 0 1 1100 0 0 0 1 
1 0 0 900 0 1 0 0 0 0 1 1100 0 0 0 1 
1 0 0 1100 0 1 0 0 0 0 1 1100 0 0 0 1 
1 0 0 1300 0 1 0 0 0 0 1 1100 0 0 0 1 
1 0 0 1500 0 1 0 0 0 0 1 1100 0 0 0 1 
1 0 0 1700 0 1 0 0 0 0 1 1100 0 0 0 1 
1 0 0 1900 0 1 0 0 0 0 1 1100 0 0 0 1 
1 0 0 -1900 0 1 0 0 0 0 1 1300 0 0 0 1 
1 0 0 -1700 0 1 0 0 0 0 1 1300 0 0 0 1 
1 0 0 -1500 0 1 0 0 0 0 1 1300 0 0 0 1 
1 0 0 -1300 0 1 0 0 0 0 1 1300 0 0 0 1 
1 0 0 -1100 0 1 0 0 0 0 1 1300 0 0 0 1 
1 0 0 -900 0 1 0 0 0 0 1 1300 0 0 0 1 
1 0 0 -700 0 1 0 0 0 0 1 1300 0 0 0 1 
1 0 0 -500 0 1 0 0 0 0 1 1300 0 0 0 1 
1 0 0 -300 0 1 0 0 0 0 1 1300 0 0 0 1 
1 0 0 -100 0 1 0 0 0 0 1 1300 0 0 0 1 
1 0 0 100 0 1 0 0 0 0 1 1300 0 0 0 1 
1 0 0 300 0 1 0 0 0 0 1 1300 0 0 0 1 
1 0 0 500 0 1 0 0 0 0 1 1300 0 0 0 1 
1 0 0 700 0 1 0 0 0 0 1 1300 0 0 0 1 
1 0 0 900 0 1 0 0 0 0 1 1300 0 0 0 1 
1 0 0 1100 0 1 0 0 0 0 1 1300 0 0 0 1 
1 0 0 1300 0 1 0 0 0 0 1 1300 0 0 0 1 
1 0 0 1500 0 1 0 0 0 0 1 1300 0 0 0 1 
1 0 0 1700 0 1 0 0 0 0 1 1300 0 0 0 1 
1 0 0 1900 0 1 0 0 0 0 1 1300 0 0 0 1 
1 0 0 -1900 0 1 0 0 0 0 1 1500 0 0 0 1 
1 0 0 -1700 0 1 0 0 0 0 1 1500 0 0 0 1 
1 0 0 -1500 0 1 0 0 0 0 1 1500 0 0 0 1 
1 0 0 -1300 0 1 0 0 0 0 1 1500 0 0 0 1 
1 0 0 -1100 0 1 0 0 0 0 1 1500 0 0 0 1 
1 0 0 -900 0 1 0 0 0 0 1 1500 0 0 0 1 
1 0 0 -700 0 1 0 0 0 0 1 1500 0 0 0 1 
1 0 0 -500 0 1 0 0 0 0 1 1500 0 0 0 1 
1 0 0 -300 0 1 0 0 0 0 1 1500 0 0 0 1 
1 0 0 -100 0 1 0 0 0 0 1 1500 0 0 0 1 
1 0 0 100 0 1 0 0 0 0 1 1500 0 0 0 1 
1 0 0 300 0 1 0 0 0 0 1 1500 0 0 0 1 
1 0 0 500 0 1 0 0 0 0 1 1500 0 0 0 1 
1 0 0 700 0 1 0 0 0 0 1 1500 0 0 0 1 
1 0 0 900 0 1 0 0 0 0 1 1500 0 0 0 1 
1 0 0 1100 0 1 0 0 0 0 1 1500 0 0 0 1 
1 0 0 1300 0 1 0 0 0 0 1 1500 0 0 0 1 
1 0 0 1500 0 1 0 0 0 0 1 1500 0 0 0 1 
1 0 0 1700 0 1 0 0 0 0 1 1500 0 0 0 1 
1 0 0 1900 0 1 0 0 0 0 1 1500 0 0 0 1 
1 0 0 -1900 0 1 0 0 0 0 1 1700 0 0 0 1 
1 0 0 -1700 0 1 0 0 0 0 1 1700 0 0 0 1 
1 0 0 -1500 0 1 0 0 0 0 1 1700 0 0 0 1 
1 0 0 -1300 0 1 0 0 0 0 1 1700 0 0 0 1 
1 0 0 -1100 0 1 0 0 0 0 1 1700 0 0 0 1 
1 0 0 -900 0 1 0 0 0 0 1 1700 0 0 0 1 
1 0 0 -700 0 1 0 0 0 0 1 1700 0 0 0 1 
1 0 0 -500 0 1 0 0 0 0 1 1700 0 0 0 1 
1 0 0 -300 0 1 0 0 0 0 1 1700 0 0 0 1 
1 0 0 -100 0 1 0 0 0 0 1 1700 0 0 0 1 
1 0 0 100 0 1 0 0 0 0 1 1700 0 0 0 1 
1 0 0 300 0 1 0 0 0 0 1 1700 0 0 0 1 
1 0 0 500 0 1 0 0 0 0 1 1700 0 0 0 1 
1 0 0 700 0 1 0 0 0 0 1 1700 0 0 0 1 
1 0 0 900 0 1 0 0 0 0 1 1700 0 0 0 1 
1 0 0 1100 0 1 0 0 0 0 1 1700 0 0 0 1 
1 0 0 1300 0 1 0 0 0 0 1 1700 0 0 0 1 
1 0 0 1500 0 1 0 0 0 0 1 1700 0 0 0 1 
1 0 0 1700 0 1 0 0 0 0 1 1700 0 0 0 1 
1 0 0 1900 0 1 0 0 0 0 1 1700 0 0 0 1 
1 0 0 -1900 0 1 0 0 0 0 1 1900 0 0 0 1 
1 0 0 -1700 0 1 0 0 0 0 1 1900 0 0 0 1 
1 0 0 -1500 0 1 0 0 0 0 1 1900 0 0 0 1 
1 0 0 -1300 0 1 0 0 0 0 1 1900 0 0 0 1 
1 0 0 -1100 0 1 0 0 0 0 1 1900 0 0 0 1 
1 0 0 -900 0 1 0 0 0 0 1 1900 0 0 0 1 
1 0 0 -700 0 1 0 0 0 0 1 1900 0 0 0 1 
1 0 0 -500 0 1 0 0 0 0 1 1900 0 0 0 1 
1 0 0 -300 0 1 0 0 0 0 1 1900 0 0 0 1 
1 0 0 -100 0 1 0 0 0 0 1 1900 0 0 0 1 
1 0 0 100 0 1 0 0 0 0 1 1900 0 0 0 1 
1 0 0 300 0 1 0 0 0 0 1 1900 0 0 0 1 
1 0 0 500 0 1 0 0 0 0 1 1900 0 0 0 1 
1 0 0 700 0 1 0 0 0 0 1 1900 0 0 0 1 
1 0 0 900 0 1 0 0 0 0 1 1900 0 0 0 1 
1 0 0 1100 0 1 0 0 0 0 1 1900 0 0 0 1 
1 0 0 1300 0 1 0 0 0 0 1 1900 0 0 0 1 
1 0 0 1500 0 1 0 0 0 0 1 1900 0 0 0 1 
1 0 0 1700 0 1 0 0 0 0 1 1900 0 0 0 1 
1 0 0 1900 0 1 0 0 0 0 1 1900 0 0 0 1 
