# matrices
-4.37114e-08 0 -1 -2000 0 1 0 0 1 0 -4.37114e-08 2150 0 0 0 1 
-4.37114e-08 0 -1 -1700 0 1 0 0 1 0 -4.37114e-08 2150 0 0 0 1 
-4.37114e-08 0 -1 -1400 0 1 0 0 1 0 -4.37114e-08 2150 0 0 0 1 
-4.37114e-08 0 -1 -1100 0 1 0 0 1 0 -4.37114e-08 2150 0 0 0 1 
-4.37114e-08 0 -1 -800 0 1 0 0 1 0 -4.37114e-08 2150 0 0 0 1 
-4.37114e-08 0 -1 -500 0 1 0 0 1 0 -4.37114e-08 2150 0 0 0 1 
-4.37114e-08 0 -1 -200 0 1 0 0 1 0 -4.37114e-08 2150 0 0 0 1 
-4.37114e-08 0 -1 100 0 1 0 0 1 0 -4.37114e-08 2150 0 0 0 1 
-4.37114e-08 0 -1 400 0 1 0 0 1 0 -4.37114e-08 2150 0 0 0 1 
-4.37114e-08 0 -1 700 0 1 0 0 1 0 -4.37114e-08 2150 0 0 0 1 
-4.37114e-08 0 -1 1000 0 1 0 0 1 0 -4.37114e-08 2150 0 0 0 1 
-4.37114e-08 0 -1 1300 0 1 0 0 1 0 -4.37114e-08 2150 0 0 0 1 
-4.37114e-08 0 -1 1600 0 1 0 0 1 0 -4.37114e-08 2150 0 0 0 1 
-4.37114e-08 0 -1 1900 0 1 0 0 1 0 -4.37114e-08 2150 0 0 0 1 
1.31134e-07 0 1 -2000 0 1 0 0 -1 0 1.31134e-07 -2150 0 0 0 1 
1.31134e-07 0 1 -1700 0 1 0 0 -1 0 1.31134e-07 -2150 0 0 0 1 
1.31134e-07 0 1 -1400 0 1 0 0 -1 0 1.31134e-07 -2150 0 0 0 1 
1.31134e-07 0 1 -1100 0 1 0 0 -1 0 1.31134e-07 -2150 0 0 0 1 
1.31134e-07 0 1 -800 0 1 0 0 -1 0 1.31134e-07 -2150 0 0 0 1 
1.31134e-07 0 1 -500 0 1 0 0 -1 0 1.31134e-07 -2150 0 0 0 1 
1.31134e-07 0 1 -200 0 1 0 0 -1 0 1.31134e-07 -2150 0 0 0 1 
1.31134e-07 0 1 100 0 1 0 0 -1 0 1.31134e-07 -2150 0 0 0 1 
1.31134e-07 0 1 400 0 1 0 0 -1 0 1.31134e-07 -2150 0 0 0 1 
1.31134e-07 0 1 700 0 1 0 0 -1 0 1.31134e-07 -2150 0 0 0 1 
1.31134e-07 0 1 1000 0 1 0 0 -1 0 1.31134e-07 -2150 0 0 0 1 
1.31134e-07 0 1 1300 0 1 0 0 -1 0 1.31134e-07 -2150 0 0 0 1 
1.31134e-07 0 1 1600 0 1 0 0 -1 0 1.31134e-07 -2150 0 0 0 1 
1.31134e-07 0 1 1900 0 1 0 0 -1 0 1.31134e-07 -2150 0 0 0 1 
-1 0 8.74228e-08 2150 0 1 0 0 -8.74228e-08 0 -1 -2000 0 0 0 1 
-1 0 8.74228e-08 2150 0 1 0 0 -8.74228e-08 0 -1 -1700 0 0 0 1 
-1 0 8.74228e-08 2150 0 1 0 0 -8.74228e-08 0 -1 -1400 0 0 0 1 
-1 0 8.74228e-08 2150 0 1 0 0 -8.74228e-08 0 -1 -1100 0 0 0 1 
-1 0 8.74228e-08 2150 0 1 0 0 -8.74228e-08 0 -1 -800 0 0 0 1 
-1 0 8.74228e-08 2150 0 1 0 0 -8.74228e-08 0 -1 -500 0 0 0 1 
-1 0 8.74228e-08 2150 0 1 0 0 -8.74228e-08 0 -1 -200 0 0 0 1 
-1 0 8.74228e-08 2150 0 1 0 0 -8.74228e-08 0 -1 100 0 0 0 1 
-1 0 8.74228e-08 2150 0 1 0 0 -8.74228e-08 0 -1 400 0 0 0 1 
-1 0 8.74228e-08 2150 0 1 0 0 -8.74228e-08 0 -1 700 0 0 0 1 
-1 0 8.74228e-08 2150 0 1 0 0 -8.74228e-08 0 -1 1000 0 0 0 1 
-1 0 8.74228e-08 2150 0 1 0 0 -8.74228e-08 0 -1 1300 0 0 0 1 
-1 0 8.74228e-08 2150 0 1 0 0 -8.74228e-08 0 -1 1600 0 0 0 1 
-1 0 8.74228e-08 2150 0 1 0 0 -8.74228e-08 0 -1 1900 0 0 0 1 
1 0 0 -2150 0 1 0 0 0 0 1 -2000 0 0 0 1 
1 0 0 -2150 0 1 0 0 0 0 1 -1700 0 0 0 1 
1 0 0 -2150 0 1 0 0 0 0 1 -1400 0 0 0 1 
1 0 0 -2150 0 1 0 0 0 0 1 -1100 0 0 0 1 
1 0 0 -2150 0 1 0 0 0 0 1 -800 0 0 0 1 
1 0 0 -2150 0 1 0 0 0 0 1 -500 0 0 0 1 
1 0 0 -2150 0 1 0 0 0 0 1 -200 0 0 0 1 
1 0 0 -2150 0 1 0 0 0 0 1 100 0 0 0 1 
1 0 0 -2150 0 1 0 0 0 0 1 400 0 0 0 1 
1 0 0 -2150 0 1 0 0 0 0 1 700 0 0 0 1 
1 0 0 -2150 0 1 0 0 0 0 1 1000 0 0 0 1 
1 0 0 -2150 0 1 0 0 0 0 1 1300 0 0 0 1 
1 0 0 -2150 0 1 0 0 0 0 1 1600 0 0 0 1 
1 0 0 -2150 0 1 0 0 0 0 1 1900 0 0 0 1 
