# matrices
-4.37114e-06 0 -100 -1875 0 100 0 0 100 0 -4.37114e-06 2000 0 0 0 1 
-4.37114e-06 0 -100 -1625 0 100 0 0 100 0 -4.37114e-06 2000 0 0 0 1 
-4.37114e-06 0 -100 -1375 0 100 0 0 100 0 -4.37114e-06 2000 0 0 0 1 
-4.37114e-06 0 -100 -1125 0 100 0 0 100 0 -4.37114e-06 2000 0 0 0 1 
-4.37114e-06 0 -100 -875 0 100 0 0 100 0 -4.37114e-06 2000 0 0 0 1 
-4.37114e-06 0 -100 -625 0 100 0 0 100 0 -4.37114e-06 2000 0 0 0 1 
-4.37114e-06 0 -100 -375 0 100 0 0 100 0 -4.37114e-06 2000 0 0 0 1 
-4.37114e-06 0 -100 -125 0 100 0 0 100 0 -4.37114e-06 2000 0 0 0 1 
-4.37114e-06 0 -100 125 0 100 0 0 100 0 -4.37114e-06 2000 0 0 0 1 
-4.37114e-06 0 -100 375 0 100 0 0 100 0 -4.37114e-06 2000 0 0 0 1 
-4.37114e-06 0 -100 625 0 100 0 0 100 0 -4.37114e-06 2000 0 0 0 1 
-4.37114e-06 0 -100 875 0 100 0 0 100 0 -4.37114e-06 2000 0 0 0 1 
-4.37114e-06 0 -100 1125 0 100 0 0 100 0 -4.37114e-06 2000 0 0 0 1 
-4.37114e-06 0 -100 1375 0 100 0 0 100 0 -4.37114e-06 2000 0 0 0 1 
-4.37114e-06 0 -100 1625 0 100 0 0 100 0 -4.37114e-06 2000 0 0 0 1 
-4.37114e-06 0 -100 1875 0 100 0 0 100 0 -4.37114e-06 2000 0 0 0 1 
1.31134e-05 0 100 -1875 0 100 0 0 -100 0 1.31134e-05 -2000 0 0 0 1 
1.31134e-05 0 100 -1625 0 100 0 0 -100 0 1.31134e-05 -2000 0 0 0 1 
1.31134e-05 0 100 -1375 0 100 0 0 -100 0 1.31134e-05 -2000 0 0 0 1 
1.31134e-05 0 100 -1125 0 100 0 0 -100 0 1.31134e-05 -2000 0 0 0 1 
1.31134e-05 0 100 -875 0 100 0 0 -100 0 1.31134e-05 -2000 0 0 0 1 
1.31134e-05 0 100 -625 0 100 0 0 -100 0 1.31134e-05 -2000 0 0 0 1 
1.31134e-05 0 100 -375 0 100 0 0 -100 0 1.31134e-05 -2000 0 0 0 1 
1.31134e-05 0 100 -125 0 100 0 0 -100 0 1.31134e-05 -2000 0 0 0 1 
1.31134e-05 0 100 125 0 100 0 0 -100 0 1.31134e-05 -2000 0 0 0 1 
1.31134e-05 0 100 375 0 100 0 0 -100 0 1.31134e-05 -2000 0 0 0 1 
1.31134e-05 0 100 625 0 100 0 0 -100 0 1.31134e-05 -2000 0 0 0 1 
1.31134e-05 0 100 875 0 100 0 0 -100 0 1.31134e-05 -2000 0 0 0 1 
1.31134e-05 0 100 1125 0 100 0 0 -100 0 1.31134e-05 -2000 0 0 0 1 
1.31134e-05 0 100 1375 0 100 0 0 -100 0 1.31134e-05 -2000 0 0 0 1 
1.31134e-05 0 100 1625 0 100 0 0 -100 0 1.31134e-05 -2000 0 0 0 1 
1.31134e-05 0 100 1875 0 100 0 0 -100 0 1.31134e-05 -2000 0 0 0 1 
-100 0 8.74228e-06 2000 0 100 0 0 -8.74228e-06 0 -100 -1875 0 0 0 1 
-100 0 8.74228e-06 2000 0 100 0 0 -8.74228e-06 0 -100 -1625 0 0 0 1 
-100 0 8.74228e-06 2000 0 100 0 0 -8.74228e-06 0 -100 -1375 0 0 0 1 
-100 0 8.74228e-06 2000 0 100 0 0 -8.74228e-06 0 -100 -1125 0 0 0 1 
-100 0 8.74228e-06 2000 0 100 0 0 -8.74228e-06 0 -100 -875 0 0 0 1 
-100 0 8.74228e-06 2000 0 100 0 0 -8.74228e-06 0 -100 -625 0 0 0 1 
-100 0 8.74228e-06 2000 0 100 0 0 -8.74228e-06 0 -100 -375 0 0 0 1 
-100 0 8.74228e-06 2000 0 100 0 0 -8.74228e-06 0 -100 -125 0 0 0 1 
-100 0 8.74228e-06 2000 0 100 0 0 -8.74228e-06 0 -100 125 0 0 0 1 
-100 0 8.74228e-06 2000 0 100 0 0 -8.74228e-06 0 -100 375 0 0 0 1 
-100 0 8.74228e-06 2000 0 100 0 0 -8.74228e-06 0 -100 625 0 0 0 1 
-100 0 8.74228e-06 2000 0 100 0 0 -8.74228e-06 0 -100 875 0 0 0 1 
-100 0 8.74228e-06 2000 0 100 0 0 -8.74228e-06 0 -100 1125 0 0 0 1 
-100 0 8.74228e-06 2000 0 100 0 0 -8.74228e-06 0 -100 1375 0 0 0 1 
-100 0 8.74228e-06 2000 0 100 0 0 -8.74228e-06 0 -100 1625 0 0 0 1 
-100 0 8.74228e-06 2000 0 100 0 0 -8.74228e-06 0 -100 1875 0 0 0 1 
100 0 0 -2000 0 100 0 0 0 0 100 -1875 0 0 0 1 
100 0 0 -2000 0 100 0 0 0 0 100 -1625 0 0 0 1 
100 0 0 -2000 0 100 0 0 0 0 100 -1375 0 0 0 1 
100 0 0 -2000 0 100 0 0 0 0 100 -1125 0 0 0 1 
100 0 0 -2000 0 100 0 0 0 0 100 -875 0 0 0 1 
100 0 0 -2000 0 100 0 0 0 0 100 -625 0 0 0 1 
100 0 0 -2000 0 100 0 0 0 0 100 -375 0 0 0 1 
100 0 0 -2000 0 100 0 0 0 0 100 -125 0 0 0 1 
100 0 0 -2000 0 100 0 0 0 0 100 125 0 0 0 1 
100 0 0 -2000 0 100 0 0 0 0 100 375 0 0 0 1 
100 0 0 -2000 0 100 0 0 0 0 100 625 0 0 0 1 
100 0 0 -2000 0 100 0 0 0 0 100 875 0 0 0 1 
100 0 0 -2000 0 100 0 0 0 0 100 1125 0 0 0 1 
100 0 0 -2000 0 100 0 0 0 0 100 1375 0 0 0 1 
100 0 0 -2000 0 100 0 0 0 0 100 1625 0 0 0 1 
100 0 0 -2000 0 100 0 0 0 0 100 1875 0 0 0 1 
